1.000000 0.000000 0.000000 0.000000 0.000000 1.000000 0.000000 0.000000 0.000000 0.000000 1.000000 0.000000
0.999919 -0.001836 0.012581 0.011044 0.001817 0.999997 0.001473 -0.014358 -0.012584 -0.001450 0.999920 0.271139
0.999804 -0.005482 0.019009 0.022020 0.005454 0.999984 0.001527 -0.024207 -0.019017 -0.001423 0.999818 0.541626
0.999786 -0.006970 0.019456 0.034855 0.006938 0.999974 0.001727 -0.033243 -0.019468 -0.001592 0.999809 0.814904
0.999848 -0.008317 0.015356 0.040733 0.008319 0.999965 -0.000113 -0.030271 -0.015354 0.000241 0.999882 1.107144
0.999924 -0.009254 0.008117 0.036784 0.009264 0.999956 -0.001176 -0.035145 -0.008106 0.001251 0.999966 1.397898
0.999918 -0.011943 -0.004698 0.059364 0.011931 0.999925 -0.002578 -0.020871 0.004729 0.002521 0.999986 1.687347
0.999682 -0.010934 -0.022730 0.055185 0.010889 0.999938 -0.002129 -0.003169 0.022752 0.001881 0.999739 1.977677
0.999126 -0.005218 -0.041482 -0.006548 0.005118 0.999984 -0.002519 0.017650 0.041494 0.002305 0.999136 2.293292
0.998021 -0.001844 -0.062853 -0.044486 0.001511 0.999985 -0.005349 0.064715 0.062862 0.005243 0.998008 2.636930
0.996857 -0.002046 -0.079199 -0.096214 0.001855 0.999995 -0.002481 0.088206 0.079204 0.002327 0.996856 2.984034
0.994854 -0.003581 -0.101256 -0.136891 0.003263 0.999989 -0.003306 0.113946 0.101267 0.002959 0.994855 3.361483
0.993309 -0.004609 -0.115393 -0.208980 0.004591 0.999989 -0.000423 0.117643 0.115394 -0.000110 0.993320 3.736032
0.990782 -0.004804 -0.135380 -0.335508 0.004618 0.999988 -0.001692 0.109598 0.135386 0.001051 0.990792 4.125918
0.988769 -0.003631 -0.149410 -0.404359 0.003662 0.999993 -0.000065 0.125365 0.149410 -0.000483 0.988775 4.525863
0.985615 -0.004565 -0.168943 -0.500734 0.004432 0.999990 -0.001169 0.136548 0.168947 0.000404 0.985625 4.942347
0.983422 -0.007172 -0.181190 -0.602304 0.007088 0.999974 -0.001114 0.126060 0.181193 -0.000189 0.983448 5.363833
0.981442 -0.012379 -0.191359 -0.635869 0.012090 0.999923 -0.002676 0.195420 0.191378 0.000313 0.981516 5.804456
0.979708 -0.011256 -0.200112 -0.748357 0.010456 0.999933 -0.005050 0.195039 0.200156 0.002855 0.979760 6.257262
0.977801 -0.009569 -0.209318 -0.846117 0.007856 0.999929 -0.009012 0.214668 0.209389 0.007167 0.977806 6.720129
0.976021 -0.011347 -0.217381 -0.934759 0.008908 0.999886 -0.012197 0.233984 0.217495 0.009968 0.976011 7.184851
0.974474 -0.015629 -0.223957 -0.980096 0.012888 0.999823 -0.013695 0.273025 0.224132 0.010459 0.974503 7.693601
0.972305 -0.024889 -0.232386 -1.072607 0.021509 0.999623 -0.017070 0.265032 0.232723 0.011599 0.972474 8.183804
0.970246 -0.025784 -0.240746 -1.200362 0.021925 0.999585 -0.018695 0.307785 0.241128 0.012860 0.970408 8.701607
0.968328 -0.021156 -0.248785 -1.341425 0.015881 0.999605 -0.023193 0.321119 0.249177 0.018507 0.968281 9.230604
0.964865 -0.018670 -0.262083 -1.477836 0.011994 0.999562 -0.027047 0.338239 0.262473 0.022953 0.964666 9.711991
0.962860 -0.021786 -0.269120 -1.571872 0.014944 0.999511 -0.027449 0.365230 0.269587 0.022408 0.962715 10.276837
0.960773 -0.024556 -0.276245 -1.736724 0.017180 0.999429 -0.029087 0.374937 0.276802 0.023200 0.960647 10.800684
0.958807 -0.024559 -0.282994 -1.844592 0.016505 0.999389 -0.030809 0.405348 0.283578 0.024869 0.958627 11.330745
0.956379 -0.026243 -0.290946 -2.006886 0.017173 0.999285 -0.033686 0.423648 0.291622 0.027220 0.956146 11.914428
0.952703 -0.026495 -0.302744 -2.145080 0.015042 0.999083 -0.040099 0.455211 0.303529 0.033648 0.952228 12.497611
0.951620 -0.027435 -0.306049 -2.150149 0.013492 0.998776 -0.047582 0.601660 0.306980 0.041151 0.950826 13.048195
0.949715 -0.028665 -0.311799 -2.155047 0.012040 0.998407 -0.055115 0.731327 0.312883 0.048589 0.948548 13.723104
0.946423 -0.028029 -0.321711 -2.081547 0.006934 0.997760 -0.066531 0.950004 0.322856 0.060736 0.944497 14.346147
0.934840 -0.030220 -0.353782 -2.155570 0.001039 0.996600 -0.082384 1.050996 0.355069 0.076648 0.931693 14.942892
0.934146 -0.027816 -0.355804 -2.282310 -0.004424 0.995979 -0.089479 1.049641 0.356862 0.085160 0.930267 15.536562
0.932261 -0.027992 -0.360703 -2.466267 -0.006694 0.995497 -0.094556 1.032040 0.361726 0.090565 0.927875 16.126776
0.931019 -0.024910 -0.364119 -2.612181 -0.012555 0.994892 -0.100165 1.048409 0.364754 0.097827 0.925951 16.776377
0.929120 -0.024301 -0.368980 -2.792221 -0.016053 0.994247 -0.105904 1.042982 0.369431 0.104321 0.923384 17.427217
0.927544 -0.023519 -0.372973 -3.030973 -0.018937 0.993778 -0.109759 1.004539 0.373234 0.108869 0.921327 18.012405
0.925662 -0.021382 -0.377747 -3.304077 -0.022081 0.993647 -0.110352 0.927333 0.377707 0.110490 0.919309 18.674290
0.923616 -0.020601 -0.382766 -3.610258 -0.022840 0.993823 -0.108602 0.834775 0.382639 0.109049 0.917440 19.345152
0.921605 -0.019679 -0.387630 -3.887937 -0.023712 0.993993 -0.106841 0.791148 0.387404 0.107656 0.915603 20.029205
0.918794 -0.016778 -0.394381 -4.104501 -0.026829 0.994132 -0.104796 0.852743 0.393825 0.106867 0.912952 20.770218
0.914986 -0.015610 -0.403183 -4.426498 -0.028078 0.994366 -0.102220 0.742144 0.402507 0.104850 0.909392 21.410997
0.911657 -0.012836 -0.410752 -4.774616 -0.029093 0.994988 -0.095665 0.651592 0.409921 0.099164 0.906714 22.120823
0.907822 -0.008545 -0.419269 -5.116114 -0.032797 0.995283 -0.091299 0.591352 0.418071 0.096634 0.903260 22.830135
0.903985 -0.003677 -0.427549 -5.503507 -0.037273 0.995478 -0.087370 0.495010 0.425937 0.094917 0.899760 23.516722
0.900754 -0.002487 -0.434322 -5.825511 -0.038921 0.995498 -0.086420 0.457871 0.432582 0.094747 0.896603 24.244322
0.897054 -0.002867 -0.441913 -6.191137 -0.039233 0.995514 -0.086100 0.369427 0.440177 0.094573 0.892917 24.974823
0.891990 -0.003857 -0.452038 -6.565597 -0.039080 0.995562 -0.085608 0.290447 0.450362 0.094027 0.887881 25.710930
0.888183 -0.000041 -0.459490 -6.952894 -0.043150 0.995573 -0.083496 0.210337 0.457460 0.093987 0.884249 26.425043
0.884079 -0.000998 -0.467336 -7.366889 -0.041388 0.995901 -0.080422 0.103879 0.465501 0.090441 0.880414 27.187017
0.879427 0.001314 -0.476032 -7.830296 -0.042512 0.996217 -0.075788 -0.050791 0.474131 0.086887 0.876157 27.899376
0.875742 0.003776 -0.482765 -8.283498 -0.042965 0.996611 -0.070144 -0.175596 0.480864 0.082170 0.872936 28.652252
0.871208 0.001978 -0.490910 -8.710982 -0.039924 0.996965 -0.066835 -0.285728 0.489288 0.077826 0.868643 29.397705
0.867137 -0.000700 -0.498069 -9.158513 -0.036211 0.997264 -0.064444 -0.334286 0.496751 0.073917 0.864740 30.215099
0.864165 -0.001138 -0.503208 -9.614021 -0.035865 0.997315 -0.063848 -0.363155 0.501930 0.073223 0.861803 31.041800
0.860489 -0.001134 -0.509467 -10.083503 -0.035666 0.997410 -0.062460 -0.463271 0.508218 0.071917 0.858220 31.825972
0.857926 0.001014 -0.513772 -10.615015 -0.037799 0.997413 -0.061149 -0.557757 0.512381 0.071881 0.855745 32.681877
0.855152 0.000874 -0.518376 -11.110524 -0.038215 0.997384 -0.061361 -0.572003 0.516967 0.072283 0.852948 33.560825
0.852053 -0.003387 -0.523444 -11.562819 -0.033637 0.997558 -0.061207 -0.604541 0.522373 0.069759 0.849859 34.364189
0.851127 -0.005793 -0.524927 -12.052061 -0.031755 0.997540 -0.062497 -0.655953 0.523998 0.069862 0.848849 35.219391
0.850861 -0.003522 -0.525379 -12.527216 -0.033203 0.997618 -0.060462 -0.688068 0.524341 0.068889 0.848717 36.025646
0.850490 -0.005561 -0.525962 -13.086747 -0.029707 0.997840 -0.058587 -0.801599 0.525152 0.065452 0.848488 36.887875
0.848447 -0.007866 -0.529222 -13.570406 -0.027380 0.997898 -0.058729 -0.847693 0.528572 0.064319 0.846448 37.776062
0.848424 -0.008189 -0.529254 -14.101763 -0.026948 0.997915 -0.058640 -0.902953 0.528631 0.064014 0.846435 38.667336
0.847528 -0.010090 -0.530655 -14.600141 -0.024658 0.997991 -0.058359 -0.961465 0.530178 0.062546 0.845576 39.552097
0.846497 -0.008698 -0.532323 -15.195062 -0.025390 0.998069 -0.056682 -1.055760 0.531788 0.061497 0.844642 40.442772
0.844886 -0.007461 -0.534894 -15.812219 -0.024213 0.998345 -0.052170 -1.149527 0.534398 0.057029 0.843307 41.307484
0.842020 -0.010489 -0.539344 -16.438633 -0.018133 0.998696 -0.047732 -1.261167 0.539141 0.049971 0.840732 42.157360
0.838206 -0.009016 -0.545279 -17.030178 -0.018512 0.998817 -0.044971 -1.319164 0.545039 0.047789 0.837047 43.049374
0.831488 -0.013110 -0.555389 -17.602057 -0.015998 0.998742 -0.047528 -1.302544 0.555313 0.048404 0.830232 43.890079
0.825444 -0.015786 -0.564264 -18.170027 -0.015481 0.998600 -0.050583 -1.352307 0.564272 0.050489 0.824044 44.688519
0.818908 -0.015398 -0.573719 -18.804224 -0.016226 0.998619 -0.049962 -1.416078 0.573696 0.050223 0.817527 45.531906
0.814352 -0.010717 -0.580272 -19.464540 -0.018587 0.998835 -0.044532 -1.479693 0.580074 0.047050 0.813204 46.370136
0.809814 -0.005642 -0.586659 -20.111361 -0.021451 0.999000 -0.039219 -1.544705 0.586294 0.044344 0.808884 47.176796
0.806322 -0.005853 -0.591447 -20.747686 -0.023126 0.998874 -0.041413 -1.585333 0.591024 0.047070 0.805280 48.038986
0.804013 -0.007300 -0.594567 -21.360382 -0.025119 0.998615 -0.046228 -1.591402 0.594081 0.052103 0.802716 48.929958
0.800301 -0.009277 -0.599527 -21.828888 -0.027572 0.998253 -0.052252 -1.583718 0.598965 0.058347 0.798647 49.811321
0.797738 -0.009858 -0.602923 -22.477039 -0.027343 0.998246 -0.052501 -1.636725 0.602384 0.058368 0.796070 50.653225
0.794883 -0.008511 -0.606703 -23.148859 -0.025700 0.998532 -0.047679 -1.763559 0.606219 0.053491 0.793497 51.356476
0.790356 -0.005399 -0.612624 -23.901443 -0.026378 0.998734 -0.042833 -1.853263 0.612079 0.050013 0.789213 52.132553
0.787320 -0.004380 -0.616529 -24.579763 -0.026823 0.998785 -0.041350 -1.914684 0.615961 0.049093 0.786246 52.902573
0.783322 -0.006905 -0.621578 -25.290243 -0.025167 0.998766 -0.042812 -1.970490 0.621106 0.049179 0.782182 53.719975
0.778245 -0.008716 -0.627900 -25.929775 -0.026033 0.998596 -0.046127 -1.994947 0.627421 0.052244 0.776926 54.558670
0.774375 -0.010465 -0.632640 -26.472128 -0.026482 0.998451 -0.048930 -1.979421 0.632173 0.054644 0.772898 55.404209
0.769282 -0.011238 -0.638810 -27.172190 -0.026443 0.998429 -0.049408 -2.061253 0.638362 0.054901 0.767776 56.188217
0.764989 -0.011917 -0.643933 -27.860125 -0.025913 0.998450 -0.049262 -2.114538 0.643521 0.054371 0.763495 56.932045
0.760159 -0.011791 -0.649630 -28.577301 -0.026856 0.998411 -0.049547 -2.201232 0.649182 0.055110 0.758634 57.671928
0.753409 -0.012415 -0.657435 -29.268553 -0.026952 0.998398 -0.049741 -2.242893 0.656999 0.055195 0.751868 58.461349
0.747644 -0.012808 -0.663976 -29.990408 -0.027253 0.998380 -0.049946 -2.294565 0.663540 0.055437 0.746084 59.260029
0.741769 -0.013613 -0.670517 -30.718081 -0.027198 0.998361 -0.050357 -2.322849 0.670104 0.055590 0.740183 60.063976
0.734264 -0.016973 -0.678651 -31.451017 -0.024972 0.998335 -0.051987 -2.401937 0.678404 0.055119 0.732618 60.826767
0.728508 -0.019063 -0.684772 -32.209873 -0.024223 0.998271 -0.053560 -2.491654 0.684609 0.055606 0.726787 61.548950
0.723424 -0.017354 -0.690186 -32.981693 -0.026137 0.998279 -0.052497 -2.530275 0.689909 0.056017 0.721725 62.336342
0.717036 -0.012587 -0.696922 -33.769321 -0.031620 0.998220 -0.050560 -2.626187 0.696318 0.058290 0.715362 63.108959
0.710564 -0.014624 -0.703480 -34.512611 -0.027165 0.998468 -0.048195 -2.722967 0.703108 0.053356 0.709079 63.878551
0.702685 -0.014819 -0.711346 -35.235737 -0.027484 0.998472 -0.047950 -2.717216 0.710970 0.053244 0.701204 64.695572
0.692943 -0.017942 -0.720769 -35.861362 -0.027072 0.998338 -0.050878 -2.284976 0.720484 0.054768 0.691306 65.631111
0.685163 -0.021327 -0.728077 -36.641022 -0.022549 0.998471 -0.050468 -2.334398 0.728040 0.050997 0.683635 66.393425
0.680855 -0.020923 -0.732120 -37.490936 -0.021854 0.998566 -0.048862 -2.415414 0.732093 0.049268 0.679421 67.127838
0.675458 -0.018740 -0.737161 -38.261028 -0.024982 0.998522 -0.048275 -2.395130 0.736975 0.051023 0.673991 67.933853
0.668871 -0.021792 -0.743059 -39.098789 -0.022627 0.998510 -0.049652 -2.423577 0.743034 0.050023 0.667382 68.711708
0.663587 -0.024101 -0.747711 -39.873375 -0.022131 0.998411 -0.051823 -2.368182 0.747772 0.050936 0.661999 69.545433
0.657400 -0.026513 -0.753075 -40.714874 -0.021904 0.998286 -0.054267 -2.361628 0.753223 0.052171 0.655692 70.339264
0.652402 -0.024218 -0.757486 -41.537884 -0.025128 0.998249 -0.053558 -2.431723 0.757456 0.053976 0.650651 71.091522
0.646107 -0.025265 -0.762828 -42.414326 -0.024668 0.998239 -0.053956 -2.513328 0.762848 0.053679 0.644346 71.799118
0.641198 -0.027208 -0.766893 -43.339054 -0.021472 0.998344 -0.053373 -2.595265 0.767075 0.050690 0.639552 72.539932
0.637071 -0.030776 -0.770190 -44.183777 -0.017276 0.998381 -0.054185 -2.612363 0.770611 0.047825 0.635509 73.283470
0.632707 -0.031901 -0.773734 -45.099995 -0.016492 0.998369 -0.054648 -2.658717 0.774215 0.047337 0.631150 74.002502
0.627323 -0.031429 -0.778125 -45.945267 -0.018030 0.998331 -0.054859 -2.722674 0.778551 0.048443 0.625709 74.668480
0.622707 -0.032054 -0.781798 -46.868301 -0.018397 0.998285 -0.055583 -2.789794 0.782239 0.048995 0.621049 75.361519
0.618322 -0.036499 -0.785077 -47.831478 -0.014916 0.998196 -0.058154 -2.833278 0.785783 0.047668 0.616663 76.110184
0.614099 -0.040786 -0.788175 -48.583054 -0.011461 0.998098 -0.060580 -2.636408 0.789146 0.046236 0.612463 76.962059
0.610803 -0.044818 -0.790513 -49.493549 -0.005985 0.998107 -0.061212 -2.692368 0.791760 0.042119 0.609378 77.718498
0.602315 -0.050871 -0.796636 -50.412556 0.000409 0.997987 -0.063419 -2.752829 0.798259 0.037872 0.601123 78.439842
0.589998 -0.055652 -0.805484 -51.385120 0.006647 0.997923 -0.064079 -2.828920 0.807377 0.032452 0.589143 79.147987
0.580785 -0.054937 -0.812201 -52.304462 0.008085 0.998060 -0.061727 -2.910633 0.814017 0.029284 0.580103 79.811150
0.572682 -0.052685 -0.818083 -53.396202 0.008702 0.998267 -0.058197 -3.038327 0.819731 0.026209 0.572148 80.428886
0.562012 -0.050785 -0.825568 -54.400486 0.007417 0.998383 -0.056367 -3.095710 0.827096 0.025556 0.561480 81.043175
0.552336 -0.050983 -0.832061 -55.384689 0.007405 0.998389 -0.056259 -3.112105 0.833589 0.024912 0.551824 81.723083
0.543557 -0.052258 -0.837744 -56.345268 0.008527 0.998352 -0.056744 -3.147854 0.839329 0.023701 0.543107 82.368408
0.534678 -0.055164 -0.843254 -57.387745 0.008778 0.998176 -0.059733 -3.193384 0.845011 0.024536 0.534186 83.009949
0.524441 -0.054208 -0.849719 -58.405380 0.011190 0.998324 -0.056782 -3.252522 0.851373 0.020271 0.524169 83.646393
0.506549 -0.051516 -0.860671 -59.519314 0.006629 0.998417 -0.055859 -3.327832 0.862186 0.022590 0.506088 84.252502
0.496153 -0.052991 -0.866617 -60.616756 0.009967 0.998418 -0.055344 -3.412010 0.868178 0.018821 0.495896 84.834152
0.487538 -0.054062 -0.871427 -61.677849 0.010416 0.998370 -0.056109 -3.490335 0.873040 0.018278 0.487306 85.463158
0.478656 -0.054591 -0.876304 -62.739357 0.007704 0.998288 -0.057982 -3.549901 0.877969 0.021003 0.478257 86.049408
0.468158 -0.056200 -0.881856 -63.842720 0.006211 0.998160 -0.060315 -3.624120 0.883623 0.022760 0.467646 86.624619
0.460970 -0.055431 -0.885683 -64.954063 0.004495 0.998180 -0.060132 -3.724886 0.887404 0.023738 0.460381 87.160027
0.454709 -0.053755 -0.889017 -66.107620 0.005990 0.998339 -0.057302 -3.878221 0.890620 0.020731 0.454275 87.679619
0.448043 -0.052553 -0.892466 -67.214180 0.006093 0.998427 -0.055734 -3.994532 0.893991 0.019534 0.447658 88.175522
0.442072 -0.051277 -0.895513 -68.327782 0.006329 0.998518 -0.054051 -4.089376 0.896957 0.018227 0.441742 88.698669
0.435894 -0.054639 -0.898338 -69.433167 0.006962 0.998330 -0.057343 -4.171423 0.899971 0.018741 0.435546 89.231789
0.429242 -0.058134 -0.901317 -70.567444 0.009619 0.998164 -0.059799 -4.238016 0.903138 0.016999 0.429013 89.794724
0.422800 -0.062155 -0.904089 -71.655624 0.012185 0.997945 -0.062910 -4.304740 0.906141 0.015582 0.422689 90.334358
0.417320 -0.066794 -0.906301 -72.764267 0.013135 0.997634 -0.067477 -4.382391 0.908665 0.016255 0.417210 90.856369
0.412982 -0.067994 -0.908198 -73.903481 0.016716 0.997607 -0.067087 -4.502422 0.910586 0.012524 0.413130 91.357681
0.408917 -0.063862 -0.910335 -75.040916 0.016840 0.997907 -0.062441 -4.665001 0.912416 0.010203 0.409136 91.832367
0.403410 -0.061355 -0.912960 -76.178246 0.020671 0.998106 -0.057943 -4.840143 0.914786 0.004504 0.403914 92.283127
0.401591 -0.059740 -0.913869 -77.319908 0.021414 0.998210 -0.055843 -4.972699 0.915569 0.002856 0.402151 92.762535
0.399109 -0.060853 -0.914882 -78.446747 0.025055 0.998146 -0.055461 -5.090107 0.916561 -0.000788 0.399894 93.258133
0.395335 -0.060949 -0.916513 -79.558884 0.027813 0.998133 -0.054380 -5.249566 0.918116 -0.003993 0.396292 93.667389
0.394424 -0.059136 -0.917024 -80.651924 0.028722 0.998233 -0.052020 -5.405199 0.918479 -0.005821 0.395426 94.111214
0.393344 -0.059480 -0.917465 -81.755493 0.027567 0.998219 -0.052896 -5.577618 0.918978 -0.004486 0.394283 94.574112
0.391566 -0.060324 -0.918171 -82.861702 0.029607 0.998158 -0.052952 -5.714107 0.919674 -0.006450 0.392631 95.019203
0.388791 -0.057756 -0.919514 -83.966415 0.030503 0.998293 -0.049806 -5.963274 0.920821 -0.008684 0.389889 95.462357
0.387628 -0.056580 -0.920078 -85.079895 0.032393 0.998334 -0.047745 -6.233106 0.921246 -0.011297 0.388815 95.843506
0.384234 -0.057147 -0.921465 -86.165604 0.035100 0.998265 -0.047274 -6.317449 0.922568 -0.014180 0.385573 96.288094
0.380244 -0.059666 -0.922960 -87.241676 0.038693 0.998070 -0.048580 -6.496303 0.924076 -0.017240 0.381819 96.704597
0.376981 -0.057124 -0.924458 -88.271004 0.037017 0.998228 -0.046588 -6.561304 0.925481 -0.016658 0.378428 97.153717
0.379502 -0.058460 -0.923342 -89.326958 0.036123 0.998177 -0.048352 -6.573087 0.924486 -0.015004 0.380922 97.633514
0.383919 -0.059055 -0.921476 -90.357208 0.035751 0.998155 -0.049073 -6.707801 0.922674 -0.014104 0.385322 98.037621
0.385474 -0.056731 -0.920973 -91.403000 0.033620 0.998309 -0.047423 -6.848196 0.922106 -0.012683 0.386729 98.434319
0.387051 -0.057423 -0.920269 -92.396935 0.033291 0.998278 -0.048289 -6.962790 0.921457 -0.011946 0.388296 98.827599
0.390778 -0.056837 -0.918729 -93.407745 0.032763 0.998318 -0.047825 -7.073594 0.919902 -0.011411 0.391983 99.239731
0.399281 -0.058804 -0.914941 -94.417435 0.034600 0.998197 -0.049056 -7.142955 0.916176 -0.012070 0.400595 99.662193
0.410215 -0.053768 -0.910403 -95.441940 0.031921 0.998495 -0.044588 -7.263836 0.911430 -0.010770 0.411314 100.075089
0.419257 -0.055041 -0.906198 -96.435066 0.032040 0.998436 -0.045820 -7.386207 0.907302 -0.009824 0.420365 100.460724
0.400860 -0.052877 -0.914612 -97.380089 0.028510 0.998569 -0.045236 -7.405794 0.915696 -0.007943 0.401794 100.887444
0.410937 -0.053517 -0.910092 -98.336586 0.026462 0.998555 -0.046771 -7.458430 0.911280 -0.004863 0.411759 101.271194
0.424913 -0.055486 -0.903532 -99.299744 0.022388 0.998459 -0.050787 -7.536766 0.904957 0.001352 0.425500 101.728554
0.436655 -0.056340 -0.897863 -100.196098 0.021018 0.998404 -0.052427 -7.577324 0.899383 0.004021 0.437143 102.186600
0.450158 -0.056372 -0.891168 -101.136147 0.020519 0.998395 -0.052790 -7.670106 0.892713 0.005478 0.450592 102.655121
0.469555 -0.053769 -0.881265 -102.079231 0.019466 0.998532 -0.050553 -7.872498 0.882689 0.006583 0.469912 103.062286
0.485897 -0.052686 -0.872427 -103.018600 0.020611 0.998595 -0.048826 -8.005009 0.873773 0.005743 0.486300 103.542572
0.497095 -0.050134 -0.866247 -103.944344 0.018629 0.998716 -0.047111 -8.222589 0.867496 0.007282 0.497391 103.979820
0.507128 -0.049641 -0.860440 -104.824615 0.017930 0.998731 -0.047052 -8.267536 0.861684 0.008434 0.507375 104.527069
0.516551 -0.051033 -0.854734 -105.652245 0.017169 0.998639 -0.049249 -8.313119 0.856084 0.010765 0.516724 105.030937
0.531049 -0.054324 -0.845598 -106.555054 0.019769 0.998465 -0.051729 -8.481183 0.847110 0.010754 0.531308 105.510483
0.543230 -0.054057 -0.837842 -107.386078 0.020414 0.998480 -0.051185 -8.559210 0.839336 0.010702 0.543508 106.037445
0.545824 -0.051674 -0.836305 -108.201843 0.018894 0.998602 -0.049370 -8.718562 0.837687 0.011146 0.546037 106.523254
0.557863 -0.048069 -0.828540 -109.051743 0.018430 0.998793 -0.045538 -8.915617 0.829729 0.010134 0.558075 107.005852
0.566171 -0.046204 -0.822992 -109.935684 0.016698 0.998866 -0.044590 -9.082626 0.824119 0.011503 0.566300 107.434692
0.576849 -0.046616 -0.815519 -110.697678 0.014550 0.998798 -0.046801 -9.138862 0.816721 0.015131 0.576834 107.966759
0.588724 -0.045640 -0.807044 -111.450409 0.012210 0.998793 -0.047577 -9.194861 0.808242 0.018156 0.588571 108.508202
0.600951 -0.045991 -0.797961 -112.214722 0.013410 0.998783 -0.047467 -9.266815 0.799173 0.017824 0.600836 109.068741
0.608834 -0.044869 -0.792028 -112.992966 0.013971 0.998851 -0.045846 -9.368203 0.793175 0.016848 0.608761 109.594521
0.616258 -0.044039 -0.786312 -113.774727 0.014652 0.998904 -0.044462 -9.483529 0.787408 0.015879 0.616228 110.122063
0.624455 -0.044189 -0.779810 -114.510269 0.016041 0.998913 -0.043759 -9.543360 0.780896 0.014817 0.624485 110.680885
0.632419 -0.043318 -0.773414 -115.247635 0.014791 0.998928 -0.043854 -9.626699 0.774485 0.016294 0.632382 111.235855
0.639917 -0.043313 -0.767222 -115.961731 0.015307 0.998931 -0.043627 -9.699276 0.768291 0.016174 0.639896 111.802505
0.648515 -0.040220 -0.760138 -116.703140 0.014797 0.999081 -0.040239 -9.815009 0.761058 0.014848 0.648514 112.311615
0.657199 -0.035646 -0.752874 -117.383858 0.012837 0.999265 -0.036107 -9.866242 0.753608 0.014065 0.657174 112.873238
0.665995 -0.033158 -0.745219 -118.046494 0.010546 0.999330 -0.035040 -9.916613 0.745882 0.015477 0.665898 113.438614
0.675663 -0.033811 -0.736435 -118.677513 0.010678 0.999292 -0.036082 -9.976027 0.737134 0.016516 0.675545 114.005577
0.685142 -0.032400 -0.727689 -119.344254 0.008809 0.999306 -0.036199 -10.038805 0.728356 0.018391 0.684952 114.554855
0.693935 -0.030567 -0.719389 -119.972778 0.009466 0.999399 -0.033334 -10.117132 0.719976 0.016322 0.693807 115.093323
0.703237 -0.026952 -0.710445 -120.586365 0.008523 0.999529 -0.029483 -10.172470 0.710904 0.014678 0.703135 115.627823
0.715249 -0.025104 -0.698419 -121.214287 0.007207 0.999566 -0.028548 -10.240438 0.698833 0.015386 0.715120 116.169365
0.726203 -0.024178 -0.687055 -121.806503 0.005612 0.999557 -0.029243 -10.289177 0.687458 0.017381 0.726016 116.717751
0.735809 -0.025666 -0.676703 -122.300186 0.005907 0.999487 -0.031486 -10.262154 0.677164 0.019170 0.735582 117.271187
0.746957 -0.025468 -0.664384 -122.892365 0.006500 0.999498 -0.031007 -10.321346 0.664841 0.018842 0.746748 117.820015
0.758207 -0.022996 -0.651608 -123.455475 0.004827 0.999548 -0.029659 -10.407902 0.651996 0.019342 0.757976 118.343300
0.769843 -0.021796 -0.637860 -124.052238 0.005334 0.999601 -0.027720 -10.507935 0.638210 0.017937 0.769653 118.873138
0.779952 -0.020901 -0.625491 -124.589035 0.005604 0.999635 -0.026414 -10.564066 0.625815 0.017096 0.779784 119.453987
0.790366 -0.018323 -0.612361 -125.134079 0.005465 0.999724 -0.022861 -10.645484 0.612611 0.014722 0.790248 120.049927
0.799035 -0.015813 -0.601077 -125.623741 0.004751 0.999789 -0.019987 -10.698795 0.601266 0.013115 0.798941 120.649834
0.807962 -0.014611 -0.589053 -126.097641 0.005773 0.999841 -0.016881 -10.714653 0.589206 0.010239 0.807918 121.260910
0.814863 -0.014105 -0.579482 -126.562576 0.005332 0.999844 -0.016838 -10.750950 0.579629 0.010631 0.814811 121.882408
0.822080 -0.013401 -0.569214 -127.031952 0.004817 0.999851 -0.016583 -10.778935 0.569351 0.010890 0.822022 122.525665
0.829756 -0.011498 -0.558008 -127.520393 0.003395 0.999873 -0.015555 -10.831575 0.558116 0.011012 0.829690 123.152252
0.836288 -0.011046 -0.548179 -127.970970 0.003386 0.999882 -0.014983 -10.860352 0.548280 0.010674 0.836227 123.807503
0.842071 -0.010680 -0.539261 -128.422928 0.003278 0.999887 -0.014684 -10.892967 0.539357 0.010597 0.842010 124.462753
0.847479 -0.011614 -0.530703 -128.881927 0.003632 0.999864 -0.016081 -10.926634 0.530817 0.011701 0.847405 125.155838
0.851872 -0.012326 -0.523605 -129.334503 0.003755 0.999841 -0.017429 -10.970891 0.523736 0.012881 0.851783 125.827370
0.856022 -0.011240 -0.516816 -129.782730 0.003447 0.999865 -0.016037 -11.019782 0.516927 0.011947 0.855946 126.518188
0.858339 -0.010137 -0.512983 -130.257187 0.004535 0.999916 -0.012170 -11.054282 0.513063 0.008119 0.858312 127.215820
0.861645 -0.007119 -0.507461 -130.728226 0.002657 0.999951 -0.009515 -11.100514 0.507504 0.006850 0.861622 127.906319
0.864853 -0.004155 -0.502009 -131.241776 0.000786 0.999976 -0.006923 -11.143972 0.502025 0.005592 0.864835 128.641953
0.866734 -0.000585 -0.498770 -131.698959 -0.001906 0.999988 -0.004484 -11.149259 0.498766 0.004837 0.866723 129.379303
0.870551 -0.000257 -0.492078 -132.190979 -0.001663 0.999993 -0.003463 -11.205866 0.492075 0.003833 0.870544 130.145920
0.873592 -0.000240 -0.486659 -132.645264 -0.000241 1.000000 -0.000926 -11.205877 0.486659 0.000926 0.873592 130.873978
0.878893 -0.002079 -0.477015 -133.123642 0.001972 0.999998 -0.000725 -11.222560 0.477015 -0.000304 0.878895 131.664322
0.882901 -0.001741 -0.469556 -133.575729 0.002363 0.999997 0.000736 -11.225976 0.469553 -0.001759 0.882902 132.454117
0.886732 -0.002389 -0.462279 -133.980728 0.003181 0.999995 0.000934 -11.203612 0.462274 -0.002299 0.886734 133.242508
0.890571 -0.004173 -0.454826 -134.284912 0.005021 0.999987 0.000657 -11.102224 0.454817 -0.002869 0.890580 134.051392
0.894961 -0.007533 -0.446080 -134.647964 0.007368 0.999971 -0.002105 -11.043602 0.446083 -0.001403 0.894990 134.885620
0.900305 -0.008506 -0.435177 -135.064667 0.007235 0.999963 -0.004576 -11.048654 0.435200 0.000971 0.900333 135.694946
0.906450 -0.006338 -0.422265 -135.470291 0.004705 0.999977 -0.004910 -11.037229 0.422286 0.002464 0.906459 136.562485
0.914033 -0.003837 -0.405622 -135.867172 0.002271 0.999988 -0.004342 -11.052255 0.405634 0.003048 0.914031 137.363052
0.921413 -0.000551 -0.388585 -136.289124 -0.000087 0.999999 -0.001624 -11.071110 0.388585 0.001531 0.921411 138.249725
0.929049 0.003580 -0.369938 -136.652283 -0.003735 0.999993 0.000295 -11.066832 0.369937 0.001108 0.929056 139.140991
0.937140 0.005345 -0.348912 -137.006439 -0.005195 0.999986 0.001365 -11.071164 0.348915 0.000533 0.937154 140.039795
0.944803 0.008516 -0.327530 -137.338699 -0.007693 0.999963 0.003808 -11.060403 0.327550 -0.001078 0.944833 140.991333
0.952754 0.009251 -0.303602 -137.703766 -0.007676 0.999950 0.006382 -11.076792 0.303646 -0.003750 0.952778 141.956223
0.958226 0.011396 -0.285785 -138.013443 -0.008911 0.999910 0.009995 -11.084925 0.285874 -0.007031 0.958242 142.940567
0.964462 0.012584 -0.263920 -138.325470 -0.009339 0.999865 0.013548 -11.103932 0.264055 -0.010602 0.964449 143.952850
0.970290 0.015736 -0.241431 -138.623840 -0.012056 0.999788 0.016716 -11.135201 0.241643 -0.013309 0.970274 144.976868
0.975787 0.017782 -0.217998 -138.868393 -0.014594 0.999762 0.016224 -11.126277 0.218235 -0.012650 0.975814 146.030396
0.980191 0.018402 -0.197198 -139.092850 -0.015777 0.999765 0.014878 -11.103369 0.197425 -0.011472 0.980251 147.081284
0.983962 0.016866 -0.177581 -139.284714 -0.014855 0.999810 0.012650 -11.081363 0.177760 -0.009809 0.984025 148.141159
0.987547 0.014297 -0.156676 -139.479156 -0.012252 0.999827 0.014014 -11.088547 0.156850 -0.011920 0.987551 149.256363
0.990569 0.016330 -0.136035 -139.688187 -0.014341 0.999776 0.015587 -11.127769 0.136259 -0.013490 0.990581 150.384857
0.993270 0.019333 -0.114198 -139.867645 -0.017518 0.999704 0.016871 -11.158618 0.114491 -0.014757 0.993315 151.519119
0.995500 0.020468 -0.092527 -139.976364 -0.018874 0.999658 0.018076 -11.139564 0.092865 -0.016248 0.995546 152.644501
0.997172 0.021435 -0.072024 -140.096390 -0.020198 0.999636 0.017865 -11.150375 0.072381 -0.016360 0.997243 153.784393
0.998441 0.022320 -0.051164 -140.171173 -0.021487 0.999628 0.016777 -11.125133 0.051520 -0.015651 0.998549 154.872772
0.999258 0.022396 -0.031324 -140.231201 -0.021920 0.999640 0.015480 -11.119592 0.031659 -0.014782 0.999389 155.983093
0.999658 0.023402 -0.011693 -140.261642 -0.023249 0.999645 0.013005 -11.098259 0.011993 -0.012729 0.999847 157.168564
0.999688 0.024061 0.006704 -140.286697 -0.024136 0.999645 0.011260 -11.079977 -0.006430 -0.011418 0.999914 158.338058
0.999360 0.024287 0.026255 -140.307480 -0.024545 0.999653 0.009567 -11.092916 -0.026013 -0.010205 0.999610 159.551086
0.998691 0.024640 0.044831 -140.194702 -0.024934 0.999671 0.006017 -11.028410 -0.044668 -0.007127 0.998976 160.720673
0.997594 0.026053 0.064253 -140.082657 -0.026132 0.999658 0.000379 -11.035069 -0.064221 -0.002057 0.997934 161.922760
0.996249 0.027333 0.082103 -139.871429 -0.026898 0.999618 -0.006398 -10.975968 -0.082247 0.004165 0.996603 163.026886
0.994808 0.027427 0.098004 -139.703156 -0.026426 0.999585 -0.011502 -10.963714 -0.098279 0.008852 0.995120 164.212082
0.992996 0.028355 0.114698 -139.499084 -0.026667 0.999513 -0.016227 -10.964771 -0.115102 0.013055 0.993268 165.388077
0.990836 0.030479 0.131589 -139.298340 -0.028168 0.999415 -0.019387 -10.966175 -0.132103 0.015503 0.991115 166.648621
0.988369 0.030591 0.148967 -139.111053 -0.028126 0.999431 -0.018627 -11.019627 -0.149452 0.014220 0.988667 167.924026
0.985630 0.029512 0.166321 -138.949463 -0.026567 0.999449 -0.019906 -11.078919 -0.166817 0.015201 0.985871 169.247818
0.982665 0.028801 0.183138 -138.585541 -0.024485 0.999368 -0.025787 -11.016665 -0.183765 0.020856 0.982749 170.456436
0.979334 0.028920 0.200172 -138.326782 -0.023395 0.999279 -0.029908 -11.033150 -0.200892 0.024606 0.979304 171.653595
0.975838 0.032130 0.216122 -138.078262 -0.025975 0.999174 -0.031261 -11.080894 -0.216948 0.024892 0.975866 172.955551
0.971150 0.033428 0.236117 -137.729706 -0.026858 0.999159 -0.030989 -11.124970 -0.236954 0.023753 0.971230 174.206696
0.966235 0.037179 0.254967 -137.423645 -0.029198 0.998960 -0.035015 -11.152230 -0.256004 0.026388 0.966316 175.459869
0.960910 0.038890 0.274117 -137.076233 -0.029373 0.998818 -0.038740 -11.190063 -0.275299 0.029173 0.960916 176.654724
0.955195 0.041478 0.293057 -136.705750 -0.030888 0.998695 -0.040672 -11.209802 -0.294362 0.029798 0.955230 177.847336
0.949943 0.040258 0.309819 -136.247406 -0.027536 0.998593 -0.045328 -11.241831 -0.311207 0.034528 0.949715 178.982620
0.942621 0.042268 0.331178 -135.801971 -0.027215 0.998380 -0.049960 -11.280705 -0.332753 0.038081 0.942245 180.153412
0.934328 0.045305 0.353523 -135.331528 -0.028094 0.998164 -0.053667 -11.293456 -0.355305 0.040211 0.933885 181.346573
0.924897 0.047948 0.377182 -134.833496 -0.029578 0.998084 -0.054349 -11.350485 -0.379065 0.039111 0.924543 182.593781
0.912683 0.053494 0.405152 -134.215866 -0.033185 0.997823 -0.056991 -11.302176 -0.407319 0.038570 0.912471 183.750748
0.901006 0.058180 0.429887 -133.590179 -0.035510 0.997532 -0.060578 -11.254643 -0.432351 0.039316 0.900848 184.910202
0.887934 0.062321 0.455729 -133.026047 -0.037434 0.997283 -0.063444 -11.314441 -0.458444 0.039274 0.887855 186.086899
0.874989 0.063097 0.480013 -132.376434 -0.035923 0.997199 -0.065599 -11.397861 -0.482808 0.040155 0.874805 187.355652
0.858567 0.064319 0.508651 -131.637924 -0.035169 0.997151 -0.066727 -11.455845 -0.511494 0.039401 0.858383 188.594666
0.844038 0.066558 0.532136 -131.021149 -0.033269 0.996856 -0.071914 -11.543267 -0.535250 0.042994 0.843599 189.825821
0.829008 0.069647 0.554883 -130.219925 -0.031170 0.996427 -0.078499 -11.543975 -0.558368 0.047780 0.828217 190.913742
0.813507 0.072823 0.576978 -129.490616 -0.031090 0.996156 -0.081895 -11.572550 -0.580724 0.048684 0.812644 192.005524
0.799339 0.074506 0.596243 -128.733475 -0.029342 0.995939 -0.085115 -11.696371 -0.600163 0.050541 0.798279 193.168961
0.785445 0.074963 0.614375 -127.897186 -0.027128 0.995854 -0.086828 -11.843554 -0.618336 0.051532 0.784222 194.347733
0.773641 0.074815 0.629192 -127.019379 -0.025267 0.995858 -0.087346 -11.958687 -0.633121 0.051676 0.772326 195.485321
0.760421 0.075002 0.645085 -126.098747 -0.022296 0.995738 -0.089489 -12.106762 -0.649048 0.053667 0.758852 196.654419
0.746955 0.077019 0.660399 -125.146370 -0.019332 0.995364 -0.094219 -12.224539 -0.664594 0.057610 0.744980 197.745667
0.733761 0.076856 0.675046 -124.150742 -0.014726 0.995147 -0.097293 -12.302600 -0.679248 0.061449 0.731332 198.739227
0.720854 0.078349 0.688645 -123.139175 -0.013718 0.995008 -0.098844 -12.369835 -0.692952 0.061805 0.718330 199.731522
0.706985 0.078482 0.702861 -122.165436 -0.011886 0.995002 -0.099147 -12.521330 -0.707129 0.061741 0.704384 200.860626
0.692153 0.079434 0.717367 -121.179146 -0.011949 0.995050 -0.098653 -12.678331 -0.721652 0.059711 0.689676 201.893845
0.676131 0.081811 0.732225 -120.207169 -0.014902 0.995131 -0.097425 -12.840044 -0.736631 0.054961 0.674058 202.931061
0.658882 0.083987 0.747543 -119.171135 -0.017802 0.995210 -0.096123 -13.025211 -0.752035 0.050026 0.657222 204.000320
0.641679 0.087040 0.762019 -118.067787 -0.021131 0.995169 -0.095877 -13.175840 -0.766682 0.045420 0.640418 204.982239
0.624968 0.089955 0.775450 -116.998489 -0.021197 0.994928 -0.098332 -13.340322 -0.780363 0.045017 0.623705 205.942764
0.606036 0.093497 0.789924 -115.883705 -0.022463 0.994684 -0.100499 -13.509107 -0.795120 0.043162 0.604914 206.789185
0.586836 0.093492 0.804290 -114.783875 -0.021773 0.994775 -0.099748 -13.733041 -0.809413 0.041024 0.585805 207.700241
0.568156 0.092649 0.817689 -113.669395 -0.021899 0.994992 -0.097522 -13.907269 -0.822629 0.037502 0.567340 208.551682
0.547792 0.091246 0.831624 -112.584282 -0.022725 0.995291 -0.094235 -14.137554 -0.836306 0.032723 0.547286 209.392395
0.528973 0.090556 0.843794 -111.510132 -0.022110 0.995424 -0.092968 -14.339080 -0.848351 0.030521 0.528554 210.170319
0.508571 0.090505 0.856250 -110.374710 -0.020816 0.995462 -0.092856 -14.521043 -0.860768 0.029400 0.508147 210.916473
0.487820 0.089373 0.868357 -109.285774 -0.019248 0.995605 -0.091656 -14.682998 -0.872732 0.027997 0.487396 211.608398
0.467573 0.089043 0.879458 -108.161369 -0.014422 0.995550 -0.093129 -14.849934 -0.883837 0.030861 0.466776 212.275986
0.450747 0.087980 0.888306 -107.076805 -0.009490 0.995547 -0.093786 -14.998424 -0.892601 0.033843 0.449575 212.890991
0.432570 0.087024 0.897391 -105.929672 -0.003704 0.995494 -0.094752 -15.146048 -0.901593 0.037663 0.430943 213.450104
0.413746 0.085831 0.906337 -104.841110 -0.004393 0.995722 -0.092290 -15.335805 -0.910382 0.034203 0.412353 214.027573
0.390445 0.086437 0.916560 -103.776566 -0.006902 0.995829 -0.090972 -15.465343 -0.920600 0.029193 0.389413 214.512787
0.368540 0.092356 0.925013 -102.680733 -0.006112 0.995272 -0.096935 -15.590604 -0.929592 0.030071 0.367362 214.964203
0.351107 0.101760 0.930789 -101.605576 -0.006665 0.994323 -0.106192 -15.635994 -0.936311 0.031081 0.349793 215.277344
0.331722 0.110673 0.936863 -100.500191 -0.010920 0.993479 -0.113494 -15.694427 -0.943314 0.027418 0.330767 215.585587
0.308190 0.114478 0.944412 -99.431984 -0.013805 0.993167 -0.115883 -15.797655 -0.951225 0.022677 0.307665 215.809250
0.288142 0.116258 0.950504 -98.380669 -0.018492 0.993093 -0.115862 -15.943024 -0.957409 0.015808 0.288302 216.137329
0.269639 0.115522 0.956007 -97.261513 -0.022656 0.993264 -0.113634 -16.086061 -0.962695 0.008981 0.270440 216.455093
0.251020 0.115042 0.961121 -96.107361 -0.024769 0.993351 -0.112431 -16.242588 -0.967665 0.004417 0.252200 216.770142
0.233515 0.113284 0.965732 -94.989571 -0.023877 0.993559 -0.110775 -16.441252 -0.972060 0.002809 0.234716 217.045654
0.216401 0.114083 0.969616 -93.860130 -0.025016 0.993471 -0.111307 -16.603014 -0.975984 -0.000169 0.217842 217.348892
0.198470 0.115720 0.973251 -92.747269 -0.025887 0.993278 -0.112822 -16.766777 -0.979765 -0.002803 0.200132 217.581192
0.181049 0.119393 0.976200 -91.668724 -0.028628 0.992823 -0.116116 -16.910469 -0.983057 -0.006924 0.183167 217.780762
0.160918 0.122574 0.979327 -90.580177 -0.026839 0.992435 -0.119805 -17.074907 -0.986603 -0.007005 0.162990 217.963150
0.145737 0.118328 0.982222 -89.475006 -0.025673 0.992940 -0.115810 -17.231836 -0.988990 -0.008339 0.147746 218.165985
0.130013 0.113588 0.984985 -88.391541 -0.024810 0.993478 -0.111292 -17.377806 -0.991202 -0.009968 0.131983 218.332703
0.114665 0.109858 0.987311 -87.278580 -0.024517 0.993877 -0.107742 -17.567804 -0.993102 -0.011851 0.116656 218.540604
0.103017 0.105354 0.989084 -86.225159 -0.021720 0.994376 -0.103655 -17.727804 -0.994442 -0.010805 0.104726 218.694763
0.092714 0.105583 0.990079 -85.144424 -0.020874 0.994349 -0.104084 -17.890730 -0.995474 -0.011017 0.094394 218.855774
0.083925 0.107264 0.990682 -84.099617 -0.021478 0.994153 -0.105820 -18.006521 -0.996241 -0.012397 0.085738 218.900192
0.079810 0.108953 0.990838 -83.059898 -0.023110 0.993944 -0.107433 -18.146038 -0.996542 -0.014324 0.081845 219.011429
0.071448 0.112013 0.991135 -82.023003 -0.023514 0.993587 -0.110595 -18.277721 -0.997167 -0.015404 0.073623 219.090393
0.065513 0.120273 0.990577 -80.983727 -0.021990 0.992642 -0.119069 -18.325863 -0.997609 -0.013983 0.067675 219.061874
0.060513 0.124058 0.990428 -80.006042 -0.024742 0.992128 -0.122759 -18.473423 -0.997861 -0.017076 0.063106 219.121475
0.055613 0.116168 0.991671 -78.981476 -0.022467 0.993103 -0.115076 -18.633961 -0.998200 -0.015880 0.057839 219.191635
0.052673 0.105795 0.992992 -77.952133 -0.022767 0.994241 -0.104721 -18.811897 -0.998352 -0.017091 0.054778 219.320374
0.052636 0.102513 0.993338 -76.932587 -0.020933 0.994612 -0.101535 -18.957172 -0.998394 -0.015450 0.054498 219.401093
0.052848 0.105614 0.993002 -75.927887 -0.022226 0.994270 -0.104566 -19.068569 -0.998355 -0.016545 0.054893 219.481888
0.053245 0.107891 0.992736 -74.951988 -0.020895 0.994049 -0.106913 -19.173534 -0.998363 -0.015051 0.055183 219.519058
0.054689 0.111827 0.992222 -73.965408 -0.025499 0.993541 -0.110570 -19.299992 -0.998178 -0.019254 0.057188 219.576309
0.056496 0.113591 0.991920 -73.015511 -0.028965 0.993275 -0.112096 -19.402220 -0.997983 -0.022398 0.059407 219.593521
0.058305 0.115427 0.991603 -72.028175 -0.030937 0.993025 -0.113773 -19.516022 -0.997819 -0.024044 0.061469 219.674545
0.060282 0.117006 0.991300 -71.105576 -0.031652 0.992831 -0.115262 -19.655441 -0.997679 -0.024428 0.063554 219.732849
0.063724 0.118691 0.990884 -70.137688 -0.033860 0.992588 -0.116718 -19.767326 -0.997393 -0.026113 0.067270 219.802292
0.069463 0.117814 0.990603 -69.191818 -0.035599 0.992662 -0.115562 -19.890568 -0.996949 -0.027237 0.073148 219.875595
0.076263 0.115949 0.990323 -68.248573 -0.034092 0.992938 -0.113629 -20.025764 -0.996505 -0.025096 0.079677 219.968750
0.082734 0.116224 0.989771 -67.310440 -0.032571 0.992961 -0.113876 -20.146950 -0.996039 -0.022817 0.085937 220.028091
0.089536 0.117518 0.989026 -66.382271 -0.032807 0.992824 -0.115000 -20.253870 -0.995443 -0.022150 0.092748 220.155731
0.094263 0.119590 0.988338 -65.475594 -0.034613 0.992552 -0.116798 -20.378214 -0.994945 -0.023199 0.097700 220.248978
0.098376 0.118261 0.988097 -64.546585 -0.035457 0.992700 -0.115282 -20.512140 -0.994517 -0.023694 0.101851 220.361649
0.105996 0.115582 0.987626 -63.629551 -0.035832 0.993020 -0.112368 -20.641945 -0.993721 -0.023478 0.109398 220.500900
0.111770 0.114515 0.987114 -62.692791 -0.034697 0.993182 -0.111291 -20.777273 -0.993128 -0.021811 0.114982 220.636261
0.118482 0.116324 0.986119 -61.769218 -0.036853 0.992945 -0.112702 -20.897978 -0.992272 -0.022988 0.121933 220.780350
0.125776 0.119116 0.984882 -60.868473 -0.034922 0.992682 -0.115600 -21.002771 -0.991444 -0.019854 0.129016 220.881226
0.133941 0.121666 0.983492 -59.952206 -0.033753 0.992419 -0.118174 -21.102133 -0.990414 -0.017367 0.137033 221.006241
0.138128 0.123472 0.982688 -59.035488 -0.035735 0.992174 -0.119641 -21.222736 -0.989770 -0.018591 0.141459 221.144745
0.145192 0.124010 0.981601 -58.133186 -0.037514 0.992091 -0.119786 -21.340923 -0.988692 -0.019432 0.148696 221.298126
0.150193 0.122650 0.981019 -57.232391 -0.036935 0.992279 -0.118402 -21.464003 -0.987966 -0.018451 0.153564 221.463364
0.156548 0.121326 0.980190 -56.320110 -0.038184 0.992428 -0.116743 -21.586367 -0.986932 -0.019151 0.159995 221.657944
0.159532 0.119222 0.979967 -55.400688 -0.038584 0.992675 -0.114487 -21.706343 -0.986439 -0.019547 0.162963 221.823914
0.168356 0.118035 0.978634 -54.459030 -0.038576 0.992833 -0.113111 -21.803520 -0.984971 -0.018709 0.171703 221.993439
0.173335 0.119269 0.977614 -53.571301 -0.039267 0.992688 -0.114146 -21.907873 -0.984080 -0.018602 0.176751 222.154236
0.180588 0.119322 0.976294 -52.662334 -0.036574 0.992742 -0.114567 -21.982019 -0.982879 -0.015018 0.183642 222.315552
0.188354 0.119871 0.974758 -51.792572 -0.035637 0.992704 -0.115192 -22.076242 -0.981454 -0.013041 0.191252 222.498337
0.194452 0.122701 0.973208 -50.896679 -0.037054 0.992356 -0.117712 -22.183567 -0.980212 -0.013172 0.197512 222.691391
0.201021 0.125452 0.971521 -50.022888 -0.040085 0.991988 -0.119801 -22.268274 -0.978766 -0.014861 0.204440 222.864273
0.208567 0.124119 0.970100 -49.154827 -0.040599 0.992158 -0.118213 -22.371849 -0.977165 -0.014730 0.211971 223.077377
0.214186 0.122383 0.969096 -48.256714 -0.044035 0.992321 -0.115583 -22.487057 -0.975800 -0.017918 0.217931 223.298126
0.216649 0.123777 0.968371 -47.374077 -0.048484 0.992070 -0.115959 -22.601789 -0.975045 -0.021829 0.220932 223.538620
0.220332 0.123810 0.967536 -46.491470 -0.046065 0.992126 -0.116466 -22.707767 -0.974337 -0.018908 0.224300 223.753525
0.224915 0.126739 0.966101 -45.589687 -0.047399 0.991754 -0.119069 -22.800110 -0.973225 -0.019012 0.229068 223.966232
0.228413 0.126685 0.965287 -44.708920 -0.044753 0.991816 -0.119577 -22.909773 -0.972535 -0.015887 0.232213 224.200882
0.230420 0.127626 0.964686 -43.798470 -0.044203 0.991711 -0.120644 -23.026489 -0.972087 -0.014843 0.234151 224.438705
0.233120 0.127781 0.964016 -42.870274 -0.044890 0.991687 -0.120593 -23.149954 -0.971411 -0.015162 0.236918 224.678741
0.235690 0.128028 0.963358 -41.966469 -0.045921 0.991644 -0.120552 -23.275698 -0.970743 -0.015826 0.239600 224.911850
0.238929 0.127617 0.962615 -41.044487 -0.046857 0.991687 -0.119841 -23.397078 -0.969906 -0.016471 0.242922 225.148590
0.243295 0.124811 0.961889 -40.102379 -0.043947 0.992087 -0.117613 -23.507481 -0.968956 -0.013658 0.246855 225.408310
0.247531 0.122150 0.961149 -39.199554 -0.042470 0.992435 -0.115189 -23.634279 -0.967949 -0.012307 0.250846 225.677933
0.252491 0.123350 0.959705 -38.305145 -0.042665 0.992296 -0.116314 -23.744137 -0.966658 -0.011577 0.255808 225.903015
0.258000 0.125342 0.957980 -37.396713 -0.042878 0.992057 -0.118253 -23.859076 -0.965193 -0.010567 0.261325 226.181412
0.262255 0.123570 0.957054 -36.514011 -0.042846 0.992280 -0.116378 -23.985615 -0.964047 -0.010486 0.265525 226.407852
0.270168 0.121265 0.955146 -35.572670 -0.040563 0.992590 -0.114545 -24.099960 -0.961958 -0.007797 0.273085 226.697250
0.279234 0.120401 0.952645 -34.708130 -0.040174 0.992704 -0.113688 -24.227160 -0.959382 -0.006526 0.282033 226.973022
0.290534 0.121961 0.949060 -33.772655 -0.037142 0.992534 -0.116177 -24.359125 -0.956144 -0.001496 0.292895 227.304855
0.302467 0.122485 0.945257 -32.886047 -0.035586 0.992469 -0.117216 -24.474525 -0.952495 0.001816 0.304548 227.607224
0.313364 0.123325 0.941591 -31.964411 -0.036369 0.992363 -0.117871 -24.568510 -0.948936 0.002691 0.315456 227.926605
0.324239 0.119856 0.938351 -31.080614 -0.035791 0.992785 -0.114442 -24.700794 -0.945298 0.003522 0.326190 228.275589
0.336277 0.117591 0.934393 -30.184261 -0.034175 0.993044 -0.112673 -24.802555 -0.941143 0.005957 0.337957 228.600693
0.346532 0.120392 0.930280 -29.289724 -0.037494 0.992715 -0.114505 -24.952234 -0.937289 0.004800 0.348521 228.974167
0.355337 0.122556 0.926669 -28.440659 -0.039283 0.992450 -0.116193 -25.045435 -0.933912 0.004886 0.357469 229.309235
0.368209 0.121439 0.921778 -27.566656 -0.041648 0.992592 -0.114132 -25.148493 -0.928810 0.003634 0.370540 229.707260
0.373500 0.121658 0.919618 -26.690245 -0.044785 0.992571 -0.113120 -25.278872 -0.926548 0.001065 0.376174 230.109192
0.382496 0.122053 0.915860 -25.814392 -0.047164 0.992524 -0.112572 -25.410383 -0.922753 -0.000137 0.385393 230.504822
0.388760 0.121273 0.913323 -24.948126 -0.049066 0.992618 -0.110917 -25.518383 -0.920032 -0.001693 0.391840 230.885880
0.395790 0.121772 0.910232 -24.092247 -0.051142 0.992554 -0.110548 -25.649231 -0.916916 -0.002797 0.399071 231.291519
0.404064 0.118758 0.906989 -23.264570 -0.052556 0.992913 -0.106594 -25.750628 -0.913220 -0.004597 0.407442 231.704941
0.414548 0.119167 0.902191 -22.419653 -0.055043 0.992857 -0.105851 -25.869205 -0.908361 -0.005779 0.418146 232.130676
0.421032 0.120200 0.899046 -21.577402 -0.054958 0.992740 -0.106989 -25.966141 -0.905379 -0.004364 0.424581 232.530991
0.428224 0.121852 0.895420 -20.738483 -0.055109 0.992544 -0.108714 -26.062136 -0.901991 -0.002792 0.431746 232.952164
0.434572 0.122740 0.892234 -19.927004 -0.058062 0.992427 -0.108244 -26.172716 -0.898763 -0.004765 0.438408 233.389206
0.443737 0.120707 0.887991 -19.101177 -0.056533 0.992684 -0.106688 -26.327024 -0.894372 -0.002859 0.447314 233.917191
0.454293 0.118897 0.882883 -18.292294 -0.057975 0.992899 -0.103882 -26.423288 -0.888964 -0.003992 0.457959 234.356888
0.462274 0.115045 0.879243 -17.510929 -0.056362 0.993355 -0.100343 -26.532982 -0.884944 -0.003170 0.465686 234.838730
0.474609 0.109740 0.873329 -16.703279 -0.056087 0.993952 -0.094416 -26.600504 -0.878408 -0.004172 0.477893 235.289917
0.487345 0.110034 0.866249 -15.893034 -0.058743 0.993913 -0.093201 -26.666471 -0.871231 -0.005465 0.490842 235.742325
0.492502 0.110150 0.863313 -15.088871 -0.059307 0.993900 -0.092978 -26.717339 -0.868288 -0.005409 0.496031 236.195251
0.503454 0.107839 0.857266 -14.324396 -0.060197 0.994147 -0.089706 -26.794170 -0.861923 -0.006442 0.506999 236.683624
0.507953 0.107899 0.854600 -13.545526 -0.062085 0.994129 -0.088614 -26.859266 -0.859144 -0.008046 0.511670 237.171936
0.512838 0.110434 0.851353 -12.783965 -0.064539 0.993845 -0.090041 -26.922583 -0.856056 -0.008769 0.516808 237.642715
0.518656 0.110834 0.847769 -12.017754 -0.065632 0.993797 -0.089772 -26.965136 -0.852460 -0.009080 0.522713 238.101547
0.523908 0.114310 0.844070 -11.280414 -0.067675 0.993407 -0.092529 -27.018862 -0.849082 -0.008646 0.528190 238.580994
0.529921 0.113975 0.840353 -10.513105 -0.068159 0.993446 -0.091758 -27.110792 -0.845303 -0.008653 0.534217 239.096283
0.534109 0.114994 0.837558 -9.777034 -0.071397 0.993302 -0.090847 -27.191837 -0.842395 -0.011277 0.538742 239.583862
0.540189 0.110508 0.834256 -9.045551 -0.069782 0.993809 -0.086459 -27.289944 -0.838646 -0.011512 0.544556 240.090912
0.545413 0.108401 0.831128 -8.303514 -0.070804 0.994016 -0.083182 -27.387812 -0.835172 -0.013478 0.549824 240.630234
0.549888 0.106859 0.828374 -7.548300 -0.072871 0.994138 -0.079869 -27.456285 -0.832053 -0.016445 0.554452 241.143280
0.553370 0.103305 0.826504 -6.812797 -0.071942 0.994499 -0.076135 -27.523399 -0.829823 -0.017329 0.557758 241.667252
0.552104 0.101283 0.827601 -6.077983 -0.073290 0.994648 -0.072834 -27.608089 -0.830548 -0.020443 0.556572 242.179428
0.551278 0.102887 0.827954 -5.297973 -0.075239 0.994454 -0.073481 -27.678783 -0.830922 -0.021786 0.555962 242.700516
0.553437 0.104863 0.826264 -4.541664 -0.077040 0.994235 -0.074579 -27.760580 -0.829321 -0.022380 0.558325 243.262314
0.553867 0.106273 0.825795 -3.764132 -0.077434 0.994097 -0.075997 -27.834743 -0.828996 -0.021852 0.558827 243.799835
0.556440 0.105501 0.824163 -3.007377 -0.075799 0.994215 -0.076093 -27.916729 -0.827423 -0.020130 0.561218 244.323898
0.557501 0.103839 0.823657 -2.249881 -0.074871 0.994392 -0.074686 -27.999336 -0.826793 -0.020031 0.562149 244.860336
0.560617 0.100816 0.821915 -1.492180 -0.072817 0.994718 -0.072345 -28.081823 -0.824867 -0.019291 0.564997 245.386734
0.562771 0.099127 0.820647 -0.714889 -0.074437 0.994827 -0.069120 -28.168112 -0.823254 -0.022188 0.567239 245.956375
0.564961 0.095799 0.819537 0.034910 -0.073812 0.995123 -0.065441 -28.227537 -0.821810 -0.023520 0.569277 246.457397
0.567798 0.091022 0.818120 0.822298 -0.072379 0.995539 -0.060529 -28.314997 -0.819980 -0.024846 0.571853 247.046494
0.569472 0.090363 0.817029 1.578455 -0.070732 0.995640 -0.060817 -28.394463 -0.818962 -0.023156 0.573380 247.603409
0.570720 0.090302 0.816165 2.372214 -0.070860 0.995643 -0.060610 -28.467550 -0.818082 -0.023242 0.574632 248.195190
0.569721 0.088912 0.817015 3.075266 -0.070428 0.995755 -0.059252 -28.545790 -0.818815 -0.023784 0.573565 248.725388
0.569432 0.086594 0.817465 3.851396 -0.070101 0.995929 -0.056667 -28.622181 -0.819044 -0.025037 0.573184 249.326843
0.570005 0.085846 0.817144 4.627739 -0.072251 0.995911 -0.054228 -28.692467 -0.818458 -0.028129 0.573877 249.890167
0.572579 0.082358 0.815702 5.381010 -0.070266 0.996210 -0.051260 -28.756109 -0.816833 -0.027966 0.576196 250.477798
0.576929 0.079186 0.812946 6.143651 -0.068127 0.996487 -0.048716 -28.830650 -0.813948 -0.027277 0.580297 251.046585
0.578672 0.077583 0.811862 6.880597 -0.067268 0.996614 -0.047292 -28.879021 -0.812781 -0.027245 0.581931 251.618622
0.580031 0.076763 0.810969 7.613322 -0.067211 0.996665 -0.046269 -28.996527 -0.811817 -0.027669 0.583256 252.263901
0.580993 0.075912 0.810361 8.360882 -0.068414 0.996672 -0.044315 -29.054115 -0.811028 -0.029693 0.584253 252.818176
0.586134 0.074965 0.806739 9.101933 -0.067852 0.996754 -0.043324 -29.109270 -0.807368 -0.029345 0.589318 253.375198
0.589332 0.074086 0.804487 9.843698 -0.067924 0.996804 -0.042039 -29.167639 -0.805031 -0.029869 0.592481 253.930374
0.591545 0.072907 0.802969 10.580828 -0.067169 0.996898 -0.041032 -29.210287 -0.803469 -0.029662 0.594607 254.486313
0.592203 0.069244 0.802808 11.313878 -0.066436 0.997105 -0.036995 -29.276838 -0.803046 -0.031427 0.595088 255.118835
0.596757 0.064734 0.799807 12.089817 -0.062646 0.997457 -0.033990 -29.335104 -0.799973 -0.029820 0.599294 255.725571
0.603476 0.063820 0.794823 12.843411 -0.063332 0.997479 -0.032007 -29.375719 -0.794862 -0.031023 0.605996 256.333618
0.609153 0.061161 0.790691 13.594182 -0.059864 0.997723 -0.031055 -29.392572 -0.790790 -0.028416 0.611428 256.921570
0.616189 0.062772 0.785093 14.339420 -0.061800 0.997599 -0.031258 -29.421181 -0.785170 -0.029257 0.618589 257.553253
0.621159 0.063647 0.781096 15.051760 -0.063220 0.997518 -0.031007 -29.454147 -0.781130 -0.030121 0.623641 258.181335
0.628721 0.061257 0.775215 15.764816 -0.064287 0.997575 -0.026689 -29.478638 -0.774970 -0.033056 0.631134 258.816345
0.635227 0.058258 0.770125 16.486532 -0.063819 0.997700 -0.022834 -29.530817 -0.769684 -0.034644 0.637484 259.509064
0.643532 0.057166 0.763282 17.163324 -0.063375 0.997763 -0.021295 -29.552505 -0.762791 -0.034669 0.645715 260.129425
0.653348 0.055826 0.754997 17.888227 -0.061233 0.997907 -0.020798 -29.513378 -0.754577 -0.032643 0.655399 260.691406
0.659890 0.055005 0.749346 18.578539 -0.059025 0.998030 -0.021281 -29.478722 -0.749041 -0.030187 0.661836 261.295685
0.666717 0.052726 0.743443 19.269678 -0.056560 0.998197 -0.020070 -29.505093 -0.743161 -0.028667 0.668498 261.944794
0.673489 0.050192 0.737491 19.992079 -0.055487 0.998310 -0.017271 -29.525719 -0.737111 -0.029290 0.675136 262.609924
0.683606 0.046905 0.728343 20.646584 -0.053960 0.998450 -0.013654 -29.570187 -0.727854 -0.029967 0.685077 263.336945
0.688248 0.046600 0.723977 21.297396 -0.057018 0.998322 -0.010055 -29.602810 -0.723231 -0.034360 0.689751 264.088226
0.697139 0.044328 0.715564 21.984138 -0.055348 0.998436 -0.007929 -29.617538 -0.714796 -0.034077 0.698502 264.772888
0.705169 0.042393 0.707771 22.626707 -0.055533 0.998447 -0.004475 -29.680704 -0.706861 -0.036149 0.706428 265.518341
0.712394 0.038037 0.700748 23.215332 -0.054226 0.998528 0.000926 -29.717913 -0.699682 -0.038658 0.713408 266.254608
0.719389 0.034154 0.693767 23.856554 -0.053067 0.998574 0.005867 -29.761747 -0.692577 -0.041036 0.720176 267.051483
0.728594 0.029853 0.684294 24.467710 -0.048703 0.998779 0.008283 -29.756470 -0.683212 -0.039362 0.729159 267.807953
0.736758 0.026824 0.675624 25.099718 -0.043796 0.999008 0.008095 -29.724567 -0.674736 -0.035553 0.737202 268.530182
0.746155 0.022975 0.665376 25.724031 -0.038737 0.999209 0.008939 -29.711004 -0.664644 -0.032444 0.746455 269.264160
0.754912 0.019249 0.655543 26.322464 -0.037411 0.999205 0.013742 -29.706493 -0.654758 -0.034899 0.755032 270.051483
0.763142 0.016402 0.646023 26.919479 -0.036299 0.999188 0.017512 -29.676861 -0.645210 -0.036814 0.763117 270.859772
0.773138 0.013894 0.634085 27.520191 -0.034001 0.999230 0.019562 -29.645584 -0.633325 -0.036683 0.773016 271.654388
0.781564 0.012840 0.623693 28.068192 -0.032171 0.999287 0.019742 -29.618898 -0.622995 -0.035495 0.781420 272.488220
0.789001 0.009322 0.614321 28.641434 -0.029399 0.999312 0.022594 -29.577702 -0.613688 -0.035888 0.788732 273.248566
0.797289 0.008683 0.603535 29.171165 -0.028432 0.999327 0.023183 -29.547392 -0.602928 -0.035643 0.796999 274.075470
0.805143 0.008801 0.593016 29.719051 -0.028058 0.999336 0.023264 -29.487562 -0.592417 -0.035370 0.804855 274.892029
0.810347 0.009487 0.585874 30.244503 -0.029127 0.999285 0.024107 -29.473171 -0.585226 -0.036600 0.810044 275.741272
0.817077 0.013664 0.576367 30.789198 -0.033760 0.999138 0.024171 -29.432720 -0.575540 -0.039208 0.816833 276.609039
0.820242 0.016209 0.571787 31.374363 -0.036450 0.999048 0.023968 -29.383842 -0.570854 -0.040501 0.820052 277.471222
0.824397 0.018324 0.565715 31.942987 -0.037460 0.999051 0.022229 -29.334040 -0.564771 -0.039517 0.824301 278.336060
0.829036 0.021061 0.558799 32.482452 -0.042107 0.998805 0.024825 -29.269667 -0.557608 -0.044110 0.828932 279.175385
0.834556 0.023893 0.550405 33.036613 -0.047251 0.998482 0.028301 -29.219316 -0.548894 -0.049626 0.834418 280.072327
0.839349 0.025533 0.542992 33.583122 -0.050258 0.998263 0.030746 -29.189108 -0.541264 -0.053097 0.839175 280.982544
0.844344 0.029118 0.535010 34.101707 -0.054958 0.997962 0.032419 -29.152817 -0.532976 -0.056776 0.844223 281.872864
0.846542 0.031934 0.531363 34.608471 -0.059602 0.997608 0.035001 -29.121265 -0.528975 -0.061300 0.846421 282.803223
0.850013 0.034421 0.525636 35.133808 -0.063341 0.997301 0.037121 -29.102383 -0.522940 -0.064848 0.849899 283.778290
0.849234 0.039383 0.526546 35.719467 -0.066389 0.997265 0.032486 -29.066250 -0.523827 -0.062545 0.849525 284.691895
0.849764 0.047421 0.525026 36.277615 -0.071512 0.997109 0.025683 -29.042925 -0.522290 -0.059370 0.850699 285.623657
0.850047 0.050930 0.524239 36.842129 -0.072662 0.997137 0.020948 -29.024708 -0.521671 -0.055899 0.851313 286.558105
0.850109 0.052052 0.524028 37.394455 -0.073467 0.997094 0.020141 -29.015127 -0.521457 -0.055621 0.851463 287.509033
0.850304 0.050972 0.523818 37.950371 -0.073414 0.997056 0.022149 -29.007269 -0.521146 -0.057289 0.851542 288.483154
0.850774 0.051433 0.523009 38.487473 -0.073432 0.997071 0.021399 -29.010090 -0.520377 -0.056611 0.852058 289.435028
0.848664 0.050472 0.526519 39.024540 -0.072300 0.997163 0.020949 -28.996292 -0.523968 -0.055846 0.849905 290.369568
0.848882 0.048765 0.526328 39.585148 -0.069852 0.997352 0.020253 -28.987642 -0.523947 -0.053957 0.850040 291.307739
0.848130 0.049715 0.527451 40.130112 -0.070096 0.997365 0.018705 -28.980148 -0.525131 -0.052837 0.849379 292.258545
0.847709 0.048709 0.528221 40.715118 -0.068307 0.997508 0.017638 -28.971655 -0.526045 -0.051033 0.848924 293.222076
0.847875 0.047733 0.528044 41.293674 -0.067269 0.997575 0.017837 -28.970749 -0.525912 -0.050644 0.849030 294.186035
0.849946 0.047118 0.524759 41.841358 -0.066533 0.997618 0.018187 -28.964266 -0.522653 -0.050372 0.851056 295.158478
0.853717 0.045648 0.518733 42.377579 -0.065090 0.997692 0.019328 -28.949345 -0.516654 -0.050265 0.854718 296.115417
0.857063 0.045755 0.513175 42.929462 -0.065305 0.997663 0.020115 -28.916229 -0.511055 -0.050753 0.858048 297.082550
0.861406 0.043931 0.506014 43.463463 -0.063489 0.997752 0.021456 -28.895288 -0.503934 -0.050609 0.862258 298.074554
0.867395 0.045553 0.495531 44.005093 -0.065168 0.997624 0.022362 -28.876503 -0.493335 -0.051690 0.868302 299.073761
0.874814 0.045868 0.482282 44.529686 -0.064905 0.997630 0.022851 -28.853893 -0.480091 -0.051293 0.875718 300.063660
0.880845 0.046248 0.471139 45.026566 -0.065029 0.997603 0.023652 -28.847002 -0.468916 -0.051471 0.881742 301.052826
0.887102 0.047054 0.459168 45.527592 -0.066595 0.997429 0.026448 -28.839157 -0.456743 -0.054040 0.887956 302.097809
0.892969 0.047117 0.447646 46.008842 -0.066748 0.997372 0.028172 -28.826645 -0.445142 -0.055036 0.893767 303.117371
0.898549 0.045737 0.436483 46.461445 -0.064664 0.997497 0.028595 -28.817692 -0.434083 -0.053919 0.899258 304.118195
0.904370 0.046791 0.424177 46.902058 -0.064783 0.997504 0.028088 -28.802347 -0.421804 -0.052881 0.905143 305.134155
0.908974 0.048698 0.413998 47.322113 -0.066907 0.997320 0.029588 -28.796413 -0.411448 -0.054594 0.909797 306.120575
0.913980 0.052835 0.402304 47.735683 -0.070724 0.997053 0.029730 -28.771353 -0.399547 -0.055625 0.915023 307.148071
0.918917 0.055057 0.390590 48.125160 -0.071689 0.997031 0.028119 -28.735744 -0.387882 -0.053840 0.920135 308.137848
0.922119 0.059826 0.382253 48.506222 -0.076937 0.996596 0.029622 -28.717194 -0.379180 -0.056725 0.923583 309.151062
0.925293 0.065902 0.373484 48.881245 -0.083131 0.996081 0.030192 -28.692667 -0.370031 -0.058984 0.927145 310.149658
0.928322 0.069607 0.365204 49.240940 -0.086208 0.995845 0.029328 -28.690741 -0.361645 -0.058710 0.930466 311.201416
0.929829 0.070085 0.361256 49.629936 -0.086568 0.995805 0.029626 -28.654858 -0.357664 -0.058820 0.931996 312.209045
0.932652 0.067908 0.354327 49.994499 -0.083995 0.996008 0.030200 -28.617268 -0.350862 -0.057928 0.934634 313.192383
0.934452 0.065003 0.350106 50.336678 -0.080779 0.996261 0.030630 -28.608986 -0.346806 -0.056903 0.936209 314.215210
0.936653 0.064885 0.344197 50.676342 -0.080534 0.996259 0.031350 -28.593716 -0.340875 -0.057083 0.938374 315.247284
0.938760 0.063855 0.338604 51.014637 -0.078765 0.996428 0.030461 -28.565346 -0.335450 -0.055266 0.940436 316.234039
0.941037 0.062715 0.332440 51.371750 -0.077189 0.996550 0.030499 -28.526102 -0.329380 -0.054362 0.942631 317.262329
0.942556 0.066305 0.327401 51.688427 -0.080460 0.996310 0.029864 -28.513927 -0.324212 -0.054491 0.944414 318.292786
0.944369 0.069008 0.321566 52.000793 -0.082742 0.996142 0.029224 -28.501356 -0.318309 -0.054206 0.946436 319.326752
0.946926 0.067974 0.314184 52.327713 -0.081844 0.996158 0.031154 -28.481710 -0.310859 -0.055215 0.948851 320.364746
0.948658 0.069550 0.308563 52.628830 -0.084336 0.995829 0.034824 -28.470924 -0.304854 -0.059059 0.950566 321.419861
0.950439 0.069206 0.303110 52.924881 -0.084305 0.995753 0.036997 -28.452297 -0.299262 -0.060717 0.952237 322.499664
0.951796 0.070056 0.298624 53.234047 -0.084863 0.995709 0.036893 -28.414431 -0.294758 -0.060456 0.953658 323.537811
0.953197 0.069249 0.294311 53.528893 -0.082937 0.995965 0.034268 -28.369188 -0.290751 -0.057073 0.955095 324.538666
0.954423 0.065938 0.291081 53.806404 -0.078999 0.996317 0.033333 -28.347958 -0.287811 -0.054809 0.956117 325.537476
0.956593 0.062644 0.284614 54.067989 -0.075809 0.996491 0.035467 -28.304958 -0.281394 -0.055504 0.957986 326.592010
0.956383 0.065688 0.284633 54.351292 -0.079291 0.996182 0.036520 -28.249483 -0.281148 -0.057496 0.957941 327.581055
0.955121 0.068339 0.288224 54.602634 -0.082973 0.995794 0.038849 -28.217564 -0.284357 -0.061021 0.956774 328.555511
0.951414 0.072188 0.299334 54.890099 -0.087420 0.995454 0.037792 -28.184086 -0.295245 -0.062123 0.953400 329.554138
0.947651 0.075680 0.310211 55.181770 -0.091594 0.995107 0.037037 -28.179806 -0.305890 -0.063512 0.949946 330.510315
0.943564 0.073476 0.322938 55.454254 -0.090514 0.995168 0.038039 -28.163292 -0.318583 -0.065123 0.945655 331.453430
0.941426 0.070802 0.329703 55.770012 -0.088690 0.995275 0.039513 -28.088676 -0.325348 -0.066440 0.943257 332.373993
0.939023 0.068160 0.337032 56.078403 -0.086447 0.995472 0.039535 -28.059389 -0.332811 -0.066260 0.940663 333.262177
0.937320 0.068414 0.341688 56.387325 -0.086219 0.995582 0.037178 -28.031136 -0.337635 -0.064308 0.939078 334.158447
0.936019 0.067377 0.345441 56.694893 -0.084768 0.995769 0.035471 -27.979254 -0.341590 -0.062484 0.937770 335.011230
0.936519 0.065843 0.344379 57.007854 -0.082014 0.996098 0.032583 -27.927341 -0.340890 -0.058759 0.938265 335.882507
0.936401 0.065715 0.344723 57.333351 -0.081411 0.996191 0.031239 -27.903877 -0.341357 -0.057317 0.938185 336.730408
0.938717 0.064923 0.338520 57.613041 -0.079768 0.996359 0.030112 -27.874226 -0.335332 -0.055270 0.940477 337.574066
0.941413 0.061146 0.331665 57.871857 -0.075541 0.996671 0.030672 -27.876827 -0.328686 -0.053929 0.942898 338.475952
0.945329 0.057202 0.321061 58.146671 -0.071094 0.996966 0.031705 -27.809935 -0.318273 -0.052797 0.946528 339.331970
0.949968 0.052706 0.307867 58.391045 -0.066187 0.997245 0.033505 -27.773125 -0.305253 -0.052205 0.950839 340.208252
0.955108 0.049533 0.292089 58.588936 -0.062206 0.997475 0.034256 -27.747934 -0.289654 -0.050888 0.955778 341.079773
0.961157 0.042939 0.272641 58.811310 -0.054918 0.997825 0.036455 -27.703703 -0.270483 -0.050012 0.961425 341.962036
0.967725 0.036908 0.249291 58.990379 -0.047830 0.998136 0.037896 -27.652777 -0.247428 -0.048596 0.967687 342.820709
0.973576 0.032740 0.226003 59.176785 -0.042636 0.998327 0.039045 -27.618233 -0.224347 -0.047649 0.973344 343.704712
0.978921 0.033542 0.201465 59.322369 -0.042153 0.998365 0.038602 -27.571207 -0.199841 -0.046280 0.978735 344.559998
0.983598 0.033893 0.177162 59.449394 -0.041328 0.998406 0.038444 -27.519537 -0.175577 -0.045136 0.983431 345.416870
0.988571 0.029978 0.147743 59.585285 -0.035962 0.998630 0.038004 -27.451540 -0.146401 -0.042883 0.988295 346.280914
0.992055 0.036154 0.120496 59.665203 -0.040831 0.998497 0.036569 -27.381159 -0.118993 -0.041199 0.992040 347.144226
0.995485 0.037523 0.087182 59.720741 -0.040783 0.998523 0.035910 -27.294939 -0.085705 -0.039304 0.995545 348.022247
0.997770 0.036821 0.055665 59.749096 -0.038825 0.998620 0.035357 -27.245459 -0.054287 -0.037439 0.997823 348.907898
0.998926 0.040085 0.023220 59.727695 -0.040872 0.998570 0.034464 -27.184608 -0.021805 -0.035376 0.999136 349.758392
0.999108 0.041011 -0.010038 59.678501 -0.040662 0.998633 0.032831 -27.157795 0.011371 -0.032394 0.999411 350.642334
0.998258 0.042502 -0.040929 59.605274 -0.041214 0.998644 0.031817 -27.111410 0.042225 -0.030075 0.998655 351.517609
0.996680 0.046108 -0.067101 59.505512 -0.044170 0.998571 0.030087 -27.100443 0.068393 -0.027024 0.997292 352.404968
0.994905 0.048666 -0.088289 59.385788 -0.046185 0.998484 0.029937 -27.065977 0.089612 -0.025707 0.995645 353.303192
0.993259 0.056222 -0.101367 59.171612 -0.053078 0.998030 0.033452 -27.086555 0.103049 -0.027847 0.994286 354.225586
0.991814 0.062209 -0.111513 59.007168 -0.058168 0.997539 0.039137 -27.082472 0.113673 -0.032330 0.992992 355.177551
0.991399 0.064042 -0.114136 58.861698 -0.060229 0.997515 0.036549 -27.063297 0.116193 -0.029360 0.992793 356.139160
0.991224 0.065228 -0.114980 58.789680 -0.062212 0.997623 0.029634 -27.000181 0.116640 -0.022220 0.992926 357.084564
0.991178 0.065086 -0.115452 58.757671 -0.062611 0.997726 0.024938 -26.908474 0.116813 -0.017490 0.993000 358.030853
0.991100 0.068598 -0.114086 58.632183 -0.066361 0.997524 0.023300 -26.896400 0.115401 -0.015521 0.993198 358.992004
0.991697 0.066907 -0.109825 58.497295 -0.064786 0.997639 0.022779 -26.892347 0.111089 -0.015475 0.993690 359.977051
0.992063 0.063461 -0.108550 58.372780 -0.061229 0.997841 0.023776 -26.896456 0.109825 -0.016940 0.993807 360.976227
0.992494 0.063158 -0.104718 58.268967 -0.061115 0.997875 0.022604 -26.860325 0.105923 -0.016035 0.994245 361.935577
0.992808 0.058961 -0.104187 58.181248 -0.057369 0.998187 0.018213 -26.823862 0.105072 -0.012105 0.994391 362.919250
0.993005 0.057981 -0.102858 58.111248 -0.056871 0.998288 0.013699 -26.781904 0.103476 -0.007754 0.994602 363.920746
0.993012 0.055680 -0.104049 57.999035 -0.054834 0.998435 0.010980 -26.769732 0.104497 -0.005198 0.994512 364.940674
0.993037 0.056510 -0.103362 57.895210 -0.055560 0.998383 0.012053 -26.768297 0.103876 -0.006226 0.994571 365.986664
0.992977 0.057907 -0.103167 57.743950 -0.056814 0.998294 0.013498 -26.780695 0.103773 -0.007541 0.994572 367.030914
0.992786 0.058880 -0.104447 57.596634 -0.057668 0.998229 0.014593 -26.786270 0.105122 -0.008464 0.994423 368.081146
0.992569 0.062390 -0.104474 57.473183 -0.061206 0.998020 0.014510 -26.785257 0.105172 -0.008008 0.994422 369.151550
0.992190 0.062320 -0.108050 57.334930 -0.061259 0.998036 0.013115 -26.793869 0.108655 -0.006394 0.994059 370.204193
0.991969 0.062785 -0.109796 57.183201 -0.061762 0.998010 0.012700 -26.781132 0.110375 -0.005817 0.993873 371.276947
0.992067 0.064270 -0.108041 57.098099 -0.063504 0.997926 0.010528 -26.750879 0.108494 -0.003583 0.994091 372.359863
