-0.002797 -0.075109 -0.272133 0.494777 -0.499970 0.499913 0.505285 1317067472.438625
-0.006083 -0.067396 0.058987 0.489753 -0.500780 0.504848 0.504470 1317067472.541951
-0.026379 -0.072400 0.413876 0.484015 -0.502655 0.509143 0.503827 1317067472.645280
-0.046150 -0.071966 0.742307 0.480384 -0.505634 0.512452 0.500958 1317067472.748584
-0.070700 -0.073547 1.066024 0.477494 -0.509269 0.514942 0.497473 1317067472.851882
-0.089199 -0.068322 1.400673 0.475042 -0.512121 0.518158 0.493538 1317067472.955179
-0.114344 -0.076609 1.726896 0.472396 -0.515518 0.520550 0.490012 1317067473.058455
-0.150982 -0.070507 2.042762 0.469565 -0.519537 0.522128 0.486797 1317067473.161788
-0.194264 -0.063875 2.360703 0.466247 -0.523331 0.523702 0.484226 1317067473.265142
-0.226729 -0.046695 2.670921 -0.464334 0.526882 -0.525458 -0.480295 1317067473.368407
-0.258558 -0.034058 2.982502 -0.461879 0.529619 -0.528287 -0.476534 1317067473.471679
-0.294885 -0.028382 3.303757 0.458589 -0.530858 0.532258 0.473905 1317067473.574987
-0.338884 -0.031607 3.619609 0.455059 -0.532737 0.535624 0.471402 1317067473.678287
-0.380990 -0.031125 3.927978 0.452272 -0.535298 0.538461 0.467937 1317067473.781556
-0.430631 -0.035355 4.229146 0.449088 -0.538166 0.540993 0.464784 1317067473.884954
-0.492017 -0.028788 4.537141 0.445323 -0.540466 0.543502 0.462805 1317067473.988245
-0.549207 -0.034094 4.841671 0.442749 -0.543809 0.544971 0.459622 1317067474.091397
-0.602011 -0.039174 5.139513 -0.441482 0.548034 -0.545700 -0.454933 1317067474.194682
-0.661126 -0.025042 5.443104 -0.440595 0.551730 -0.547193 -0.449500 1317067474.297989
-0.712474 -0.026688 5.751437 -0.439547 0.554371 -0.549845 -0.444006 1317067474.401283
-0.773062 -0.021553 6.067809 -0.436230 0.556719 -0.552745 -0.440728 1317067474.504527
-0.862650 -0.020243 6.394240 -0.431423 0.558963 -0.555676 -0.438929 1317067474.607802
-0.952319 -0.009736 6.720318 -0.426893 0.561290 -0.558267 -0.437098 1317067474.711087
-1.036812 -0.006903 7.032615 -0.423768 0.563808 -0.560693 -0.433779 1317067474.814355
-1.135287 -0.013846 7.344685 -0.420180 0.566434 -0.562728 -0.431205 1317067474.917648
-1.242536 -0.020170 7.672568 -0.413999 0.568741 -0.565691 -0.430269 1317067475.020923
-1.344952 -0.017681 7.985167 -0.408813 0.569829 -0.569516 -0.428741 1317067475.124177
-1.433651 -0.018952 8.300160 0.406460 -0.570379 0.573449 0.424988 1317067475.227469
-1.535269 -0.016932 8.612513 0.404336 -0.571787 0.576951 0.420357 1317067475.330748
-1.638602 -0.023164 8.915924 0.401568 -0.573727 0.579857 0.416350 1317067475.433963
-1.765881 -0.020063 9.229475 0.397088 -0.577707 0.580705 0.413954 1317067475.537190
-1.896821 -0.006413 9.538076 0.393209 -0.581608 0.581779 0.410672 1317067475.640452
-2.022332 0.011445 9.860532 0.389983 -0.584027 0.584676 0.406178 1317067475.743742
-2.153564 0.009588 10.193987 0.386816 -0.585101 0.588582 0.401997 1317067475.847022
-2.296861 0.007270 10.533614 0.382476 -0.586589 0.592031 0.398904 1317067475.950271
-2.470513 0.013272 10.872080 0.377164 -0.589345 0.594648 0.395996 1317067476.053488
-2.639376 0.021291 11.213557 0.373205 -0.592180 0.597325 0.391464 1317067476.156731
-2.812239 0.023257 11.565468 0.369670 -0.595151 0.599910 0.386325 1317067476.259997
-3.005715 0.029598 11.920617 0.365716 -0.598224 0.602487 0.381300 1317067476.363209
-3.207947 0.041722 12.292190 0.361734 -0.600711 0.605991 0.375593 1317067476.466424
-3.411924 0.052194 12.669889 0.357786 -0.602976 0.610155 0.368945 1317067476.569624
-3.629994 0.049626 13.048490 0.353788 -0.605950 0.613477 0.362360 1317067476.672925
-3.866780 0.049398 13.424579 0.348254 -0.610574 0.615209 0.356983 1317067476.776165
-4.117448 0.056680 13.797182 0.341769 -0.614877 0.617551 0.351783 1317067476.879301
-4.369552 0.065914 14.177716 0.335622 -0.618046 0.621034 0.345968 1317067476.982498
-4.633410 0.070053 14.563733 0.329481 -0.620632 0.625047 0.339963 1317067477.085692
-4.901033 0.069834 14.939683 0.323509 -0.623248 0.628865 0.333817 1317067477.188918
-5.182327 0.071255 15.302442 0.317128 -0.626070 0.632215 0.328284 1317067477.292135
-5.475039 0.074954 15.658631 0.310851 -0.628984 0.635175 0.322960 1317067477.395349
-5.766320 0.077254 16.011095 0.304649 -0.631987 0.637908 0.317577 1317067477.498575
-6.060110 0.082505 16.353693 0.299063 -0.634740 0.640424 0.312288 1317067477.601778
-6.356254 0.084655 16.689690 0.293585 -0.637369 0.642929 0.306937 1317067477.704961
-6.662063 0.089398 17.021922 0.288290 -0.639960 0.645139 0.301886 1317067477.808162
-6.978329 0.094250 17.345837 0.283092 -0.642435 0.646977 0.297586 1317067477.911378
-7.290122 0.100355 17.665781 0.278316 -0.644608 0.648913 0.293142 1317067478.014581
-7.600753 0.103509 17.975315 0.273951 -0.646805 0.650498 0.288872 1317067478.117808
-7.914844 0.108255 18.277803 0.269855 -0.648708 0.652002 0.285042 1317067478.221042
-8.224403 0.112810 18.581694 0.266092 -0.650233 0.653288 0.282145 1317067478.324276
-8.533753 0.118253 18.880912 0.262779 -0.651761 0.654293 0.279386 1317067478.427558
-8.839859 0.121634 19.173170 0.260293 -0.653185 0.654985 0.276752 1317067478.530837
-9.146991 0.126209 19.457699 0.258185 -0.654334 0.655472 0.274852 1317067478.634156
-9.449837 0.131110 19.744438 0.256499 -0.655017 0.655940 0.273685 1317067478.737468
-9.745214 0.137427 20.025890 0.255498 -0.655391 0.656348 0.272747 1317067478.840772
-10.045890 0.139869 20.306147 0.255291 -0.655324 0.656701 0.272251 1317067478.944160
-10.341772 0.145968 20.576824 0.255833 -0.655401 0.656390 0.272307 1317067479.047556
-10.636832 0.149592 20.851164 0.257180 -0.655243 0.655841 0.272739 1317067479.150937
-10.927462 0.148449 21.126829 0.259338 -0.654741 0.655220 0.273396 1317067479.254330
-11.214244 0.152631 21.405386 -0.262196 0.654207 -0.654050 -0.274743 1317067479.357768
-11.506728 0.157766 21.691936 -0.264917 0.653173 -0.652981 -0.277129 1317067479.461236
-11.801321 0.164916 21.981120 -0.267543 0.651846 -0.651648 -0.280841 1317067479.564688
-12.093841 0.170035 22.272938 -0.270540 0.650249 -0.649949 -0.285571 1317067479.668137
-12.382983 0.175225 22.569679 -0.274386 0.648480 -0.647757 -0.290855 1317067479.771585
-12.656631 0.178282 22.867624 -0.279092 0.646327 -0.645429 -0.296294 1317067479.875048
-12.925326 0.181906 23.172377 -0.284607 0.644028 -0.642824 -0.301670 1317067479.978517
-13.185176 0.184639 23.476440 -0.290883 0.641621 -0.639680 -0.307439 1317067480.082008
-13.433013 0.185825 23.785973 -0.297620 0.638883 -0.636173 -0.313903 1317067480.185503
-13.685485 0.190179 24.107144 -0.304283 0.636352 -0.632164 -0.320684 1317067480.288992
-13.924057 0.201638 24.428760 -0.311271 0.633607 -0.628110 -0.327307 1317067480.392504
-14.148961 0.208790 24.757451 -0.318656 0.630056 -0.624553 -0.333798 1317067480.495973
-14.361816 0.207727 25.082828 -0.326215 0.626192 -0.620821 -0.340659 1317067480.599400
-14.574140 0.208843 25.412005 -0.333861 0.622571 -0.616398 -0.347844 1317067480.702844
-14.777853 0.212328 25.756009 -0.341907 0.618688 -0.611866 -0.354887 1317067480.806273
-14.969584 0.218243 26.109472 -0.350005 0.613925 -0.607772 -0.362223 1317067480.909693
-15.146250 0.218424 26.472963 -0.358094 0.608649 -0.603815 -0.369761 1317067481.013114
-15.324613 0.215687 26.846691 -0.365741 0.603601 -0.599507 -0.377479 1317067481.116475
-15.496170 0.210576 27.223264 -0.373281 0.598914 -0.594493 -0.385411 1317067481.219850
-15.664375 0.208702 27.609303 -0.380460 0.594562 -0.588993 -0.393490 1317067481.323247
-15.820610 0.212384 28.004051 -0.387667 0.590057 -0.583464 -0.401394 1317067481.426587
-15.965067 0.216104 28.413013 -0.395119 0.584835 -0.578714 -0.408582 1317067481.529889
-16.096534 0.214280 28.830633 -0.402481 0.579425 -0.574219 -0.415389 1317067481.633198
-16.226556 0.212105 29.249721 -0.409629 0.574208 -0.568953 -0.422825 1317067481.736532
-16.346375 0.216569 29.678604 -0.416325 0.569449 -0.563248 -0.430294 1317067481.839873
-16.453391 0.218714 30.120467 -0.422476 0.564523 -0.557852 -0.437754 1317067481.943155
-16.556763 0.218021 30.572736 -0.428452 0.559289 -0.552602 -0.445260 1317067482.046403
-16.656452 0.217260 31.019691 -0.434430 0.554261 -0.546872 -0.452765 1317067482.149658
-16.741700 0.220812 31.481537 -0.440579 0.549605 -0.540498 -0.460094 1317067482.252880
-16.815648 0.226367 31.951299 -0.446898 0.544616 -0.533959 -0.467509 1317067482.356117
-16.874690 0.237679 32.424834 -0.453517 0.539022 -0.527916 -0.474428 1317067482.459365
-16.928743 0.237854 32.905691 -0.459971 0.533042 -0.521931 -0.481539 1317067482.562622
-16.974786 0.243192 33.400978 -0.466107 0.527006 -0.515881 -0.488750 1317067482.665904
-17.009336 0.243403 33.907896 -0.471699 0.520981 -0.509938 -0.496026 1317067482.769154
-17.036462 0.247212 34.422847 0.476862 -0.515431 0.504010 0.502898 1317067482.872380
-17.045316 0.251733 34.945378 0.482278 -0.509688 0.498201 0.509335 1317067482.975612
-17.047077 0.255045 35.478168 0.487845 -0.504244 0.492086 0.515360 1317067483.078937
-17.034370 0.261447 36.012792 0.493716 -0.498677 0.485725 0.521188 1317067483.182197
-17.014168 0.265907 36.557860 0.499573 -0.492846 0.479348 0.527025 1317067483.285382
-16.972587 0.269080 37.117952 0.505038 -0.487314 0.473097 0.532579 1317067483.388602
-16.916774 0.269448 37.688177 0.510045 -0.482077 0.467066 0.537870 1317067483.491806
-16.852200 0.271369 38.260913 0.515134 -0.476484 0.461305 0.542953 1317067483.595032
-16.775592 0.271780 38.841168 0.519883 -0.470567 0.455739 0.548261 1317067483.698724
-16.678666 0.271463 39.437488 0.524130 -0.465019 0.450630 0.553152 1317067483.801931
-16.575189 0.270364 40.030376 0.528420 -0.459412 0.445453 0.557929 1317067483.904677
-16.464901 0.268016 40.619728 0.532777 -0.453820 0.440436 0.562328 1317067484.007882
-16.342141 0.265409 41.208364 0.536895 -0.448862 0.435385 0.566310 1317067484.111073
-16.210355 0.265250 41.792216 0.541232 -0.443927 0.430533 0.569771 1317067484.214291
-16.065510 0.264074 42.376046 0.545139 -0.439531 0.425613 0.573140 1317067484.317542
-15.911863 0.262295 42.956633 0.549119 -0.434960 0.419940 0.576999 1317067484.420786
-15.743071 0.262785 43.544463 0.553124 -0.430350 0.414657 0.580441 1317067484.523975
-15.566924 0.256871 44.112196 0.556920 -0.425581 0.409439 0.584021 1317067484.627157
-15.382150 0.252034 44.690697 0.560950 -0.420299 0.404242 0.587599 1317067484.730388
-15.190341 0.244091 45.253522 0.564409 -0.415279 0.399071 0.591379 1317067484.833617
-14.987306 0.239216 45.822332 0.568021 -0.410113 0.393919 0.594968 1317067484.936830
-14.764380 0.236124 46.388494 0.571997 -0.404772 0.389065 0.598003 1317067485.040056
-14.531724 0.227949 46.948422 0.576403 -0.399143 0.384508 0.600498 1317067485.143307
-14.287448 0.216833 47.497485 0.580752 -0.393161 0.380247 0.602963 1317067485.246573
-14.030958 0.209828 48.041853 0.584922 -0.387508 0.376276 0.605078 1317067485.349799
-13.764503 0.196884 48.582873 0.589092 -0.382171 0.372887 0.606524 1317067485.453006
-13.486970 0.186665 49.120366 0.592721 -0.377899 0.370371 0.607206 1317067485.556158
-13.204635 0.172086 49.653108 0.596270 -0.374609 0.368684 0.606796 1317067485.659241
-12.928635 0.162710 50.193281 0.598950 -0.372412 0.367558 0.606193 1317067485.762386
-12.639448 0.155813 50.744298 0.601284 -0.371384 0.367261 0.604691 1317067485.865443
-12.350531 0.144120 51.293202 0.602632 -0.371142 0.367732 0.603209 1317067485.968411
-12.062143 0.128156 51.844591 0.603206 -0.371543 0.369070 0.601569 1317067486.071456
-11.784903 0.118022 52.399448 0.602042 -0.372248 0.371348 0.600898 1317067486.174492
-11.513555 0.111814 52.963671 0.600055 -0.373708 0.374863 0.599795 1317067486.277515
-11.239469 0.112282 53.534421 0.598096 -0.375353 0.379340 0.597907 1317067486.380561
-10.967640 0.101359 54.104557 0.596221 -0.377463 0.384535 0.595126 1317067486.483618
-10.717572 0.086747 54.675104 0.593261 -0.380798 0.389244 0.592894 1317067486.586664
-10.477021 0.092823 55.261039 0.589755 -0.385697 0.393079 0.590691 1317067486.689720
-10.247489 0.097351 55.851436 0.586822 -0.390724 0.396713 0.587872 1317067486.792812
-10.015103 0.101268 56.454210 0.584466 -0.395724 0.400793 0.584095 1317067486.895899
-9.798182 0.092521 57.069001 0.582084 -0.400106 0.404897 0.580648 1317067486.998993
-9.587258 0.096480 57.689950 0.578960 -0.404940 0.408448 0.577927 1317067487.102132
-9.389613 0.093320 58.310847 0.575439 -0.409754 0.412036 0.575498 1317067487.205293
-9.196201 0.090604 58.933896 0.572080 -0.413771 0.415802 0.573261 1317067487.308506
-9.004253 0.082955 59.562906 0.568756 -0.417283 0.419611 0.571242 1317067487.411779
-8.823329 0.076911 60.204213 0.565185 -0.420755 0.423433 0.569417 1317067487.515076
-8.645629 0.078178 60.856750 0.562109 -0.424042 0.426894 0.567435 1317067487.618330
-8.474383 0.074278 61.513980 0.559815 -0.427406 0.429902 0.564904 1317067487.721590
-8.304174 0.068587 62.164609 0.557875 -0.431046 0.432169 0.562322 1317067487.824916
-8.149058 0.063426 62.816256 0.556370 -0.434552 0.433901 0.559774 1317067487.928236
-7.994403 0.059419 63.472651 0.555069 -0.438083 0.435119 0.557362 1317067488.031571
-7.842477 0.051452 64.126882 0.553488 -0.440501 0.436797 0.555714 1317067488.134922
