-0.002797 -0.075109 -0.272133 0.494777 -0.499970 0.499913 0.505285 1317067472.438625
-0.018024 -0.071526 0.068401 0.489126 -0.500785 0.505424 0.504497 1317067472.541951
-0.033544 -0.089207 0.429257 0.483005 -0.502446 0.510021 0.504116 1317067472.645280
-0.059076 -0.091712 0.762947 0.479047 -0.505391 0.513548 0.501360 1317067472.748584
-0.084845 -0.097257 1.085624 0.476064 -0.509142 0.516095 0.497778 1317067472.851882
-0.110872 -0.087113 1.413476 0.473624 -0.512079 0.519356 0.493684 1317067472.955179
-0.138702 -0.104794 1.735209 0.470814 -0.515691 0.521782 0.490041 1317067473.058455
-0.177441 -0.099032 2.045167 0.467991 -0.519933 0.523189 0.486752 1317067473.161788
-0.227276 -0.094423 2.362903 0.464378 -0.524028 0.524714 0.484172 1317067473.265142
-0.273403 -0.066962 2.674546 -0.462577 0.527782 -0.526484 -0.479879 1317067473.368407
-0.315000 -0.045194 2.990948 -0.460322 0.530849 -0.529242 -0.475611 1317067473.471679
-0.361359 -0.040484 3.307094 0.456972 -0.532037 0.533562 0.472678 1317067473.574987
-0.417974 -0.052178 3.625547 0.453000 -0.533632 0.537319 0.470443 1317067473.678287
-0.474881 -0.051617 3.935129 0.450089 -0.536135 0.540411 0.466835 1317067473.781556
-0.540064 -0.059626 4.234030 0.446964 -0.539130 0.542949 0.463430 1317067473.884954
-0.603078 -0.055703 4.541253 0.442725 -0.541520 0.545699 0.461479 1317067473.988245
-0.674038 -0.063213 4.843803 0.439782 -0.544940 0.547312 0.458346 1317067474.091397
-0.748470 -0.064290 5.141409 -0.438718 0.549487 -0.547987 -0.453100 1317067474.194682
-0.818281 -0.035648 5.441923 -0.438025 0.553174 -0.549687 -0.447188 1317067474.297989
-0.885375 -0.045170 5.747991 -0.437216 0.555983 -0.552371 -0.441148 1317067474.401283
-0.962993 -0.040586 6.057934 -0.433936 0.558263 -0.555487 -0.437580 1317067474.504527
-1.059555 -0.046911 6.378479 -0.428706 0.560344 -0.558716 -0.435961 1317067474.607802
-1.161488 -0.032120 6.696658 -0.423661 0.562414 -0.561867 -0.434174 1317067474.711087
-1.250898 -0.028828 7.012036 -0.420320 0.564801 -0.564585 -0.430783 1317067474.814355
-1.357919 -0.037560 7.321249 -0.416620 0.567707 -0.566542 -0.427979 1317067474.917648
-1.475882 -0.041520 7.645555 -0.410019 0.569972 -0.569688 -0.427168 1317067475.020923
-1.585914 -0.025101 7.954160 0.404400 -0.570831 0.573810 0.425858 1317067475.124177
-1.690701 -0.020813 8.266623 0.401846 -0.570987 0.578369 0.421880 1317067475.227469
-1.796090 -0.013700 8.574035 0.399706 -0.572174 0.582200 0.417007 1317067475.330748
-1.909223 -0.034627 8.882383 0.396931 -0.574176 0.585148 0.412758 1317067475.433963
-2.045880 -0.038414 9.190417 0.392276 -0.578471 0.585810 0.410264 1317067475.537190
-2.195259 -0.014359 9.501506 0.388116 -0.582744 0.586703 0.406884 1317067475.640452
-2.327685 0.020984 9.822408 0.384865 -0.584921 0.589848 0.402275 1317067475.743742
-2.461520 0.016943 10.153676 0.381642 -0.585516 0.594192 0.398066 1317067475.847022
-2.614535 0.005708 10.501407 0.377061 -0.586873 0.597782 0.395046 1317067475.950271
-2.788943 0.016965 10.844271 0.371218 -0.589703 0.600561 0.392139 1317067476.053488
-2.960365 0.033229 11.189257 0.367205 -0.592406 0.603330 0.387568 1317067476.156731
-3.140888 0.034409 11.538516 0.363513 -0.595720 0.605643 0.382326 1317067476.259997
-3.332635 0.046577 11.895872 0.359375 -0.598815 0.608171 0.377356 1317067476.363209
-3.538569 0.068829 12.269010 0.355275 -0.601381 0.611677 0.371445 1317067476.466424
-3.747153 0.085645 12.637964 0.351458 -0.603348 0.615969 0.364734 1317067476.569624
-3.963914 0.074926 13.011660 0.347511 -0.606233 0.619274 0.358074 1317067476.672925
-4.210978 0.072824 13.389042 0.341776 -0.611304 0.620575 0.352680 1317067476.776165
-4.470047 0.082786 13.765837 0.335150 -0.615933 0.622565 0.347438 1317067476.879301
-4.728246 0.101348 14.147393 0.328818 -0.619107 0.626027 0.341579 1317067476.982498
-4.990183 0.110951 14.525512 0.322596 -0.621557 0.630149 0.335426 1317067477.085692
-5.268465 0.111204 14.894026 0.316386 -0.624203 0.633886 0.329331 1317067477.188918
-5.553011 0.108556 15.252176 0.309764 -0.627217 0.637018 0.323811 1317067477.292135
-5.850654 0.115977 15.606808 0.303256 -0.630233 0.639867 0.318454 1317067477.395349
-6.142460 0.121738 15.949642 0.296866 -0.633503 0.642273 0.313097 1317067477.498575
-6.444621 0.131949 16.279477 0.290947 -0.636304 0.644769 0.307800 1317067477.601778
-6.745902 0.136079 16.611783 0.285346 -0.639089 0.647030 0.302481 1317067477.704961
-7.045883 0.139863 16.932701 0.279978 -0.641807 0.648968 0.297551 1317067477.808162
-7.358611 0.149128 17.242203 0.274564 -0.644304 0.650771 0.293230 1317067477.911378
-7.670924 0.158979 17.551353 0.269740 -0.646431 0.652655 0.288807 1317067478.014581
-7.977161 0.163778 17.847320 0.265182 -0.648509 0.654308 0.284596 1317067478.117808
-8.284712 0.168278 18.142355 0.261009 -0.650298 0.655828 0.280849 1317067478.221042
-8.593906 0.173063 18.428963 0.256970 -0.651735 0.657256 0.277889 1317067478.324276
-8.906628 0.185102 18.711967 0.253603 -0.653073 0.658427 0.275054 1317067478.427558
-9.208480 0.189832 18.986347 0.250986 -0.654216 0.659371 0.272466 1317067478.530837
-9.511067 0.196264 19.256289 0.248906 -0.655228 0.659930 0.270583 1317067478.634156
-9.813273 0.205878 19.527100 0.247146 -0.655787 0.660575 0.269265 1317067478.737468
-10.117607 0.216762 19.789140 0.246247 -0.656087 0.660975 0.268373 1317067478.840772
-10.413919 0.219661 20.056236 0.246113 -0.655962 0.661353 0.267871 1317067478.944160
-10.702476 0.228152 20.313696 0.246600 -0.656034 0.661085 0.267909 1317067479.047556
-10.996953 0.236408 20.584023 0.248107 -0.655927 0.660579 0.268027 1317067479.150937
-11.293938 0.243353 20.844805 0.250534 -0.655431 0.659927 0.268589 1317067479.254330
-11.589819 0.246664 21.113313 0.253518 -0.655025 0.658701 0.269785 1317067479.357768
-11.884309 0.250126 21.398421 0.256361 -0.654052 0.657482 0.272419 1317067479.461236
-12.182835 0.258077 21.686243 0.258831 -0.652853 0.656072 0.276331 1317067479.564688
-12.486000 0.262597 21.971435 0.261551 -0.651582 0.654183 0.281206 1317067479.668137
-12.775025 0.270091 22.268656 0.265165 -0.650102 0.651849 0.286613 1317067479.771585
-13.058857 0.274755 22.564853 0.269736 -0.648051 0.649590 0.292070 1317067479.875048
-13.328426 0.281964 22.865339 0.275071 -0.645957 0.647001 0.297430 1317067479.978517
-13.590628 0.283615 23.178324 0.281216 -0.643678 0.644004 0.303077 1317067480.082008
-13.848175 0.284982 23.487736 -0.287822 0.641403 -0.640303 -0.309471 1317067480.185503
-14.098902 0.288699 23.805026 -0.294448 0.639245 -0.636066 -0.316362 1317067480.288992
-14.349549 0.307118 24.129085 -0.301271 0.637014 -0.631714 -0.323088 1317067480.392504
-14.580325 0.316945 24.458928 -0.308733 0.633553 -0.628290 -0.329463 1317067480.495973
-14.801036 0.316961 24.785095 -0.316339 0.629806 -0.624628 -0.336324 1317067480.599400
-15.013038 0.318917 25.119853 -0.323967 0.626457 -0.620141 -0.343542 1317067480.702844
-15.223452 0.327442 25.460232 -0.331880 0.622768 -0.615682 -0.350644 1317067480.806273
-15.421281 0.334983 25.817280 -0.340089 0.618008 -0.611796 -0.357926 1317067480.909693
-15.609880 0.336778 26.183217 -0.348230 0.612621 -0.608203 -0.365405 1317067481.013114
-15.795162 0.333504 26.563152 -0.356137 0.607419 -0.604232 -0.372978 1317067481.116475
-15.977575 0.329110 26.942577 -0.363664 0.602655 -0.599507 -0.380981 1317067481.219850
-16.151013 0.329796 27.330742 -0.370898 0.598544 -0.593931 -0.389134 1317067481.323247
-16.324515 0.339406 27.726259 -0.378101 0.594106 -0.588483 -0.397196 1317067481.426587
-16.478926 0.349598 28.135098 -0.385691 0.588833 -0.583937 -0.404395 1317067481.529889
-16.621616 0.349342 28.546179 -0.393323 0.583079 -0.579800 -0.411277 1317067481.633198
-16.755797 0.346982 28.969130 -0.400396 0.578071 -0.574670 -0.418653 1317067481.736532
-16.895413 0.353598 29.402637 -0.406948 0.573495 -0.568945 -0.426378 1317067481.839873
-17.022280 0.360382 29.844264 -0.413147 0.568616 -0.563663 -0.433900 1317067481.943155
-17.137581 0.359972 30.286677 -0.419073 0.563366 -0.558504 -0.441666 1317067482.046403
-17.249908 0.359838 30.745440 -0.424906 0.558551 -0.552671 -0.449478 1317067482.149658
-17.350202 0.368318 31.202929 -0.431030 0.554207 -0.546070 -0.457030 1317067482.252880
-17.436525 0.373258 31.669878 -0.437204 0.549482 -0.539382 -0.464746 1317067482.356117
-17.509866 0.392311 32.141891 -0.443909 0.544099 -0.533198 -0.471806 1317067482.459365
-17.571737 0.388927 32.630271 -0.450291 0.538279 -0.527168 -0.479153 1317067482.562622
-17.625717 0.399775 33.128938 -0.456438 0.532302 -0.520968 -0.486736 1317067482.665904
-17.665733 0.398826 33.640614 -0.462006 0.526296 -0.514970 -0.494337 1317067482.769154
-17.696381 0.409697 34.159831 0.467370 -0.520460 0.509012 0.501591 1317067482.872380
-17.712066 0.418433 34.680164 0.473031 -0.514679 0.503105 0.508166 1317067482.975612
-17.719412 0.423443 35.213649 0.478924 -0.509083 0.496839 0.514410 1317067483.078937
-17.709336 0.434212 35.749692 0.485098 -0.503376 0.490304 0.520475 1317067483.182197
-17.687282 0.442448 36.296857 0.490917 -0.497463 0.483893 0.526668 1317067483.285382
-17.653906 0.450721 36.859380 0.496414 -0.491769 0.477439 0.532719 1317067483.388602
-17.603424 0.459374 37.423839 0.501620 -0.486351 0.471096 0.538432 1317067483.491806
-17.541820 0.465149 37.996872 0.506578 -0.480635 0.465162 0.544052 1317067483.595032
-17.470494 0.469029 38.572806 0.511314 -0.474597 0.459390 0.549796 1317067483.698724
-17.381068 0.475559 39.148235 0.515957 -0.468542 0.453784 0.555281 1317067483.801931
-17.279324 0.479819 39.732737 0.520781 -0.462438 0.448348 0.560288 1317067483.904677
-17.163434 0.486186 40.306447 0.525507 -0.456388 0.443169 0.564937 1317067484.007882
-17.042164 0.490148 40.885831 0.529990 -0.450914 0.437963 0.569189 1317067484.111073
-16.903193 0.494641 41.459187 0.534376 -0.445807 0.432930 0.572949 1317067484.214291
-16.756002 0.495070 42.024536 0.538466 -0.441004 0.427624 0.576808 1317067484.317542
-16.604125 0.504202 42.590862 0.542514 -0.436322 0.422041 0.580675 1317067484.420786
-16.443342 0.507696 43.146860 0.546562 -0.431619 0.416370 0.584475 1317067484.523975
-16.264228 0.508817 43.699107 0.550794 -0.426351 0.411215 0.588008 1317067484.627157
-16.077218 0.511728 44.256683 0.554989 -0.420879 0.406116 0.591538 1317067484.730388
-15.885062 0.513864 44.809674 0.558507 -0.415786 0.400637 0.595552 1317067484.833617
-15.681776 0.518822 45.365339 0.562243 -0.410374 0.395384 0.599289 1317067484.936830
-15.460181 0.520308 45.906580 0.566274 -0.404635 0.390375 0.602671 1317067485.040056
-15.226767 0.521778 46.448545 0.570894 -0.398550 0.385861 0.605268 1317067485.143307
-14.980809 0.519372 46.987081 0.575693 -0.392159 0.381681 0.607543 1317067485.246573
-14.736715 0.524798 47.514453 0.580344 -0.385770 0.377786 0.609640 1317067485.349799
-14.467888 0.530073 48.049950 0.584997 -0.379726 0.374424 0.611059 1317067485.453006
-14.190553 0.530168 48.593848 0.589165 -0.374839 0.372015 0.611543 1317067485.556158
-13.912431 0.528158 49.135931 0.593037 -0.371038 0.370803 0.610854 1317067485.659241
-13.631979 0.532437 49.674177 0.596024 -0.368383 0.370054 0.610009 1317067485.762386
-13.350009 0.533029 50.212242 0.598638 -0.366668 0.369742 0.608669 1317067485.865443
-13.068707 0.533500 50.754315 0.600313 -0.365940 0.370224 0.607162 1317067485.968411
-12.785005 0.528314 51.304138 0.601269 -0.365752 0.371606 0.605483 1317067486.071456
-12.517669 0.532350 51.853767 0.600368 -0.366326 0.373912 0.604610 1317067486.174492
-12.247948 0.534337 52.421024 0.598370 -0.367573 0.377438 0.603643 1317067486.277515
-11.977617 0.552922 52.987347 0.596415 -0.368818 0.382049 0.601914 1317067486.380561
-11.706842 0.553580 53.564874 0.594748 -0.370432 0.387681 0.598965 1317067486.483618
-11.455402 0.550857 54.142807 0.591874 -0.373635 0.392756 0.596511 1317067486.586664
-11.208458 0.564355 54.728021 0.588345 -0.378550 0.396485 0.594433 1317067486.689720
-10.977435 0.574923 55.318824 0.585118 -0.383499 0.400196 0.591953 1317067486.792812
-10.742102 0.586791 55.911473 0.582588 -0.388298 0.404377 0.588469 1317067486.895899
-10.519190 0.589956 56.513618 0.580126 -0.392730 0.408544 0.585072 1317067486.998993
-10.313598 0.600485 57.130492 0.576777 -0.397734 0.411896 0.582647 1317067487.102132
-10.113285 0.604628 57.749598 0.573041 -0.402698 0.415418 0.580419 1317067487.205293
-9.913552 0.614450 58.372306 0.569511 -0.407002 0.419228 0.578147 1317067487.308506
-9.715459 0.624725 59.008172 0.566038 -0.410334 0.423411 0.576151 1317067487.411779
-9.524840 0.629703 59.651543 0.562233 -0.413776 0.427538 0.574365 1317067487.515076
-9.347816 0.647364 60.300301 0.558677 -0.416936 0.431414 0.572649 1317067487.618330
-9.176379 0.653325 60.947256 0.556246 -0.420194 0.434502 0.570294 1317067487.721590
-9.007524 0.661928 61.599588 0.554204 -0.423974 0.436915 0.567634 1317067487.824916
-8.845456 0.675269 62.246101 0.552543 -0.427852 0.438498 0.565118 1317067487.928236
-8.690462 0.688557 62.899839 0.551252 -0.431227 0.439776 0.562816 1317067488.031571
-8.530725 0.695152 63.562913 0.549711 -0.433765 0.441491 0.561027 1317067488.134922
