0.028464 -0.057161 -0.015815 0.488402 -0.502715 0.503988 0.504715 1317067472.661954
0.068355 -0.042710 0.232544 0.484543 -0.506460 0.507308 0.501353 1317067472.765284
0.140997 -0.049628 0.445835 -0.480934 0.510899 -0.510198 -0.497375 1317067472.868478
0.195899 -0.006067 0.657570 -0.478385 0.514793 -0.513176 -0.492734 1317067472.971859
0.241733 0.016169 0.888779 -0.475421 0.519628 -0.515126 -0.488474 1317067473.075110
0.258602 0.026827 1.128731 -0.472362 0.524149 -0.516723 -0.484912 1317067473.178495
0.247106 0.066714 1.391796 -0.468700 0.529223 -0.517293 -0.482339 1317067473.281741
0.262334 0.098226 1.641668 -0.467003 0.533686 -0.518713 -0.477519 1317067473.385011
0.313048 0.138733 1.885952 -0.464150 0.537437 -0.521553 -0.472978 1317067473.488392
0.313922 0.163637 2.166376 -0.460659 0.538980 -0.525672 -0.470066 1317067473.591644
0.306347 0.178062 2.435749 -0.456683 0.541493 -0.528759 -0.467590 1317067473.694900
0.327376 0.179880 2.689268 -0.453584 0.544684 -0.531740 -0.463502 1317067473.798168
0.349833 0.197135 2.936007 -0.450243 0.548439 -0.534005 -0.459711 1317067473.901536
0.349067 0.209571 3.184758 -0.445551 0.551165 -0.536687 -0.457896 1317067474.004789
0.341388 0.213824 3.432788 -0.442900 0.555623 -0.537574 -0.454023 1317067474.108043
0.352082 0.217751 3.635696 -0.441580 0.560603 -0.538070 -0.448567 1317067474.211298
0.345711 0.203555 3.880787 -0.440646 0.564178 -0.540190 -0.442413 1317067474.314696
0.357497 0.213192 4.133113 -0.439413 0.567264 -0.542968 -0.436250 1317067474.417945
0.338240 0.212273 4.395305 -0.435859 0.569224 -0.546587 -0.432729 1317067474.521212
0.314733 0.221803 4.675267 -0.430250 0.571630 -0.549762 -0.431145 1317067474.625376
0.277458 0.232060 4.955602 -0.425082 0.574259 -0.552585 -0.429164 1317067474.727797
0.213350 0.266116 5.230883 -0.421976 0.577553 -0.554345 -0.425523 1317067474.830984
0.167863 0.281602 5.505091 -0.418340 0.580640 -0.556226 -0.422447 1317067474.934348
0.103066 0.276631 5.758847 -0.411331 0.582672 -0.559504 -0.422202 1317067475.037608
0.014540 0.302993 6.078047 -0.405678 0.584686 -0.562754 -0.420567 1317067475.141318
-0.053234 0.304762 6.369519 -0.403080 0.585131 -0.567142 -0.416532 1317067475.244686
-0.130673 0.322946 6.634759 -0.401276 0.586835 -0.570445 -0.411332 1317067475.349770
-0.199969 0.320184 6.898051 -0.398598 0.588729 -0.573530 -0.406917 1317067475.450694
-0.307897 0.322703 7.163569 -0.393976 0.593393 -0.573593 -0.404548 1317067475.556954
-0.435038 0.330468 7.439586 -0.389591 0.597845 -0.574090 -0.401523 1317067475.657144
-0.554597 0.343838 7.728408 -0.386347 0.599819 -0.577232 -0.397185 1317067475.760413
-0.647992 0.350604 8.020191 -0.383113 0.600459 -0.581663 -0.392864 1317067475.863666
-0.780016 0.358799 8.337819 -0.378574 0.602004 -0.585071 -0.389828 1317067475.966930
-0.940988 0.377061 8.648772 -0.372616 0.605583 -0.586900 -0.387266 1317067476.071130
-1.101673 0.389488 8.955501 -0.368697 0.608535 -0.589262 -0.382776 1317067476.173441
-1.253111 0.396753 9.253561 -0.365201 0.611970 -0.591235 -0.377574 1317067476.276583
-1.392375 0.400631 9.556426 -0.361007 0.615213 -0.593656 -0.372504 1317067476.379877
-1.552512 0.414939 9.877976 -0.356760 0.617919 -0.597027 -0.366684 1317067476.483112
-1.738452 0.418675 10.195062 -0.352832 0.620027 -0.601073 -0.360260 1317067476.588186
-1.933226 0.429311 10.504206 -0.349358 0.623157 -0.603919 -0.353421 1317067476.689597
-2.135424 0.444652 10.803329 -0.343868 0.628407 -0.604687 -0.348157 1317067476.792727
-2.377051 0.457182 11.125757 -0.337391 0.632792 -0.606621 -0.343150 1317067476.895995
-2.632284 0.487060 11.465510 -0.331276 0.636027 -0.609764 -0.337512 1317067476.999219
-2.863174 0.504171 11.822732 -0.324998 0.638711 -0.613743 -0.331278 1317067477.102399
-3.140862 0.515781 12.167956 -0.319099 0.641366 -0.617259 -0.325296 1317067477.206921
-3.412411 0.525066 12.532850 -0.312527 0.644528 -0.620234 -0.319719 1317067477.309710
-3.710047 0.544309 12.849973 -0.306365 0.647677 -0.622633 -0.314617 1317067477.413224
-3.999593 0.557666 13.167685 -0.300089 0.650993 -0.624788 -0.309506 1317067477.515141
-4.299445 0.574880 13.471576 -0.294379 0.653863 -0.626992 -0.304442 1317067477.618439
-4.582454 0.584523 13.788241 -0.288764 0.656767 -0.629173 -0.299023 1317067477.721563
-4.872336 0.596743 14.066743 -0.283731 0.659336 -0.631053 -0.294185 1317067477.825229
-5.181651 0.607239 14.342135 -0.278788 0.661770 -0.632592 -0.290111 1317067477.929627
-5.461828 0.608668 14.622732 -0.273829 0.663963 -0.634390 -0.285869 1317067478.033688
-5.754673 0.622023 14.895135 -0.269610 0.666073 -0.635915 -0.281549 1317067478.135187
-6.030614 0.642326 15.152745 -0.265703 0.667787 -0.637534 -0.277513 1317067478.237737
-6.342428 0.656016 15.406662 -0.262106 0.669338 -0.638615 -0.274695 1317067478.340965
-6.658185 0.657256 15.625638 -0.259088 0.670678 -0.639365 -0.272538 1317067478.444273
-6.952487 0.663184 15.851565 -0.256871 0.671910 -0.640003 -0.270094 1317067478.547489
-7.259610 0.665936 16.096851 -0.254914 0.672864 -0.640559 -0.268247 1317067478.650750
-7.572394 0.660495 16.319372 -0.253512 0.673228 -0.641025 -0.267550 1317067478.754143
-7.856998 0.656605 16.530788 -0.252782 0.673398 -0.641378 -0.266965 1317067478.857517
-8.168429 0.649375 16.726853 -0.253170 0.673174 -0.641318 -0.267307 1317067478.960769
-8.473636 0.649511 16.945139 -0.254140 0.673178 -0.640780 -0.267668 1317067479.064122
-8.776749 0.640674 17.179525 -0.255812 0.672804 -0.640236 -0.268315 1317067479.167671
-9.079164 0.633747 17.404778 -0.258656 0.672415 -0.639113 -0.269239 1317067479.271246
-9.388002 0.622443 17.643585 -0.262242 0.671535 -0.637828 -0.271007 1317067479.374685
-9.659332 0.607465 17.863579 -0.265291 0.670238 -0.636686 -0.273922 1317067479.477952
-9.970065 0.596184 18.118158 -0.268074 0.668680 -0.635187 -0.278462 1317067479.581310
-10.267400 0.588509 18.354642 -0.271453 0.667127 -0.632955 -0.283941 1317067479.686310
-10.572062 0.571162 18.613921 -0.275538 0.665207 -0.630404 -0.290120 1317067479.789289
-10.850503 0.552863 18.871044 -0.280424 0.662783 -0.627965 -0.296211 1317067479.891671
-11.131327 0.539646 19.163180 -0.286060 0.660398 -0.625258 -0.301823 1317067479.995202
-11.383096 0.531264 19.448389 -0.292647 0.657741 -0.622281 -0.307410 1317067480.099591
-11.645414 0.512471 19.726639 -0.299691 0.655002 -0.618377 -0.314273 1317067480.202437
-11.886935 0.503946 20.010906 -0.306730 0.652558 -0.613879 -0.321304 1317067480.305726
-12.137927 0.493585 20.300319 -0.314012 0.649772 -0.609317 -0.328521 1317067480.409747
-12.358665 0.483057 20.590961 -0.322020 0.645657 -0.605971 -0.335008 1317067480.512619
-12.578044 0.473226 20.905401 -0.330067 0.641548 -0.602171 -0.341851 1317067480.616102
-12.800361 0.459389 21.208915 -0.338371 0.637621 -0.597426 -0.349323 1317067480.719500
-13.008357 0.457160 21.536312 -0.346922 0.633415 -0.592794 -0.356407 1317067480.822869
-13.201773 0.450833 21.863921 -0.355822 0.627967 -0.588860 -0.363720 1317067480.926374
-13.387978 0.437075 22.204959 -0.364538 0.622036 -0.585159 -0.371177 1317067481.029762
-13.554337 0.423694 22.550135 -0.372828 0.616322 -0.581114 -0.378752 1317067481.133139
-13.731670 0.406315 22.904667 -0.380922 0.611052 -0.576082 -0.386838 1317067481.236520
-13.909392 0.386011 23.258224 -0.388616 0.606238 -0.570230 -0.395335 1317067481.339913
-14.075439 0.373198 23.630948 -0.396213 0.601156 -0.564589 -0.403567 1317067481.443289
-14.224477 0.355251 24.013375 -0.404330 0.594988 -0.560120 -0.410818 1317067481.546537
-14.373544 0.337322 24.406883 -0.412378 0.588745 -0.555597 -0.417894 1317067481.650752
-14.504260 0.323796 24.795342 -0.419892 0.583156 -0.550186 -0.425341 1317067481.753180
-14.626674 0.318481 25.184528 -0.426943 0.578257 -0.543978 -0.432928 1317067481.856558
-14.748692 0.299710 25.593705 -0.433652 0.572479 -0.538678 -0.440499 1317067481.959816
-14.852899 0.287558 26.003571 -0.440075 0.566666 -0.533214 -0.448226 1317067482.064861
-14.948383 0.278402 26.402449 -0.446229 0.561786 -0.526650 -0.455977 1317067482.166315
-15.059930 0.275776 26.803584 -0.452835 0.556981 -0.519189 -0.463848 1317067482.269793
-15.145983 0.263927 27.230031 -0.459527 0.551638 -0.512166 -0.471398 1317067482.374873
-15.211046 0.256043 27.685221 -0.466472 0.545508 -0.506004 -0.478314 1317067482.478246
-15.270239 0.240479 28.113254 -0.473410 0.539122 -0.499673 -0.485343 1317067482.581650
-15.310237 0.238112 28.566784 -0.480303 0.532312 -0.493550 -0.492301 1317067482.682614
-15.346892 0.227178 29.021510 -0.486469 0.525702 -0.487194 -0.499627 1317067482.785738
-15.360677 0.216070 29.483390 0.492095 -0.519461 0.481079 0.506523 1317067482.889002
-15.361168 0.206240 29.974921 0.498042 -0.513230 0.474936 0.512820 1317067482.992310
-15.353724 0.187314 30.458836 0.504022 -0.507166 0.468445 0.518945 1317067483.095513
-15.338075 0.171209 30.948629 0.510820 -0.500532 0.461858 0.524613 1317067483.198768
-15.305366 0.160231 31.453945 0.517130 -0.493934 0.455152 0.530512 1317067483.303721
-15.265481 0.147205 31.959906 0.523094 -0.487537 0.448538 0.536184 1317067483.405291
-15.208334 0.130183 32.468190 0.528650 -0.481447 0.442112 0.541549 1317067483.508416
-15.149713 0.106320 32.968272 0.533971 -0.474813 0.435992 0.547119 1317067483.611924
-15.059265 0.083145 33.497624 0.538821 -0.468149 0.430269 0.552610 1317067483.714944
-14.960078 0.058766 34.019807 0.543529 -0.461516 0.424543 0.557980 1317067483.818246
-14.848564 0.032367 34.541390 0.548346 -0.454777 0.419107 0.562889 1317067483.921336
-14.713735 0.010134 35.058142 0.553017 -0.448439 0.413727 0.567366 1317067484.026747
-14.590067 -0.006897 35.571143 0.557613 -0.442695 0.408014 0.571501 1317067484.128134
-14.445268 -0.030256 36.070146 0.562089 -0.437166 0.402915 0.574980 1317067484.231726
-14.292507 -0.053417 36.585762 0.566264 -0.431997 0.397251 0.578719 1317067484.334216
-14.143610 -0.081577 37.079794 0.570381 -0.426685 0.391154 0.582756 1317067484.437348
-13.964635 -0.110938 37.580431 0.574634 -0.421237 0.385829 0.586082 1317067484.540609
-13.776941 -0.139141 38.064525 0.579105 -0.415312 0.380875 0.589142 1317067484.643877
-13.597859 -0.167649 38.558627 0.583192 -0.409248 0.375281 0.592931 1317067484.746993
-13.379684 -0.197221 39.029603 0.586891 -0.403568 0.370128 0.596404 1317067484.850285
-13.161968 -0.221535 39.519229 0.590572 -0.397605 0.364615 0.600160 1317067484.953529
-12.927370 -0.253185 39.992306 0.594801 -0.391267 0.359722 0.603093 1317067485.056814
-12.683716 -0.287640 40.469554 0.599529 -0.384336 0.355244 0.605519 1317067485.159976
-12.422570 -0.314267 40.942194 0.604556 -0.377208 0.350948 0.607505 1317067485.263229
-12.141088 -0.339147 41.393776 0.609258 -0.370593 0.347372 0.608932 1317067485.366497
-11.869124 -0.366610 41.860896 0.613923 -0.364139 0.343693 0.610227 1317067485.469741
-11.585378 -0.389258 42.322703 0.618205 -0.358883 0.341387 0.610312 1317067485.572884
-11.300312 -0.412567 42.788931 0.622030 -0.354995 0.339653 0.609666 1317067485.676032
-10.992671 -0.440669 43.259685 0.624866 -0.352356 0.338736 0.608807 1317067485.779011
-10.688744 -0.465913 43.716062 0.627358 -0.350653 0.338633 0.607283 1317067485.882172
-10.386253 -0.487024 44.183321 0.628975 -0.350188 0.339004 0.605669 1317067485.985088
-10.087270 -0.511991 44.650797 0.629869 -0.350052 0.340300 0.604090 1317067486.088152
-9.782388 -0.527708 45.141033 0.628617 -0.351040 0.342631 0.603503 1317067486.191152
-9.494290 -0.549469 45.644045 0.626567 -0.352073 0.346142 0.603029 1317067486.294175
-9.193382 -0.563102 46.158422 0.624499 -0.353748 0.350578 0.601631 1317067486.397885
-8.896756 -0.577529 46.680632 0.623033 -0.355737 0.355812 0.598898 1317067486.500217
-8.620249 -0.592693 47.188225 0.619689 -0.359881 0.359967 0.597407 1317067486.603271
-8.369535 -0.602992 47.729307 0.616366 -0.364624 0.362880 0.596205 1317067486.709427
-8.127744 -0.613317 48.265663 0.613270 -0.369809 0.365722 0.594465 1317067486.810134
-7.862909 -0.621644 48.798493 0.611291 -0.374475 0.369812 0.591042 1317067486.912784
-7.609560 -0.643987 49.310157 0.608868 -0.379099 0.373608 0.588201 1317067487.019414
-7.379385 -0.659903 49.858150 0.605631 -0.383924 0.376670 0.586459 1317067487.120177
-7.150117 -0.676868 50.424955 0.601956 -0.389021 0.379681 0.584938 1317067487.221949
-6.926109 -0.700894 50.995164 0.598658 -0.392743 0.383252 0.583506 1317067487.325232
-6.702304 -0.724709 51.580314 0.595535 -0.395882 0.387047 0.582074 1317067487.430071
-6.487073 -0.734905 52.184617 0.591805 -0.399409 0.390333 0.581274 1317067487.534837
-6.291327 -0.750932 52.762503 0.588823 -0.402094 0.393470 0.580335 1317067487.637764
-6.089580 -0.765748 53.375885 0.586727 -0.405142 0.395733 0.578798 1317067487.740094
-5.911342 -0.785811 53.960203 0.585287 -0.408471 0.397215 0.576899 1317067487.841744
-5.725221 -0.805777 54.565726 0.584024 -0.411872 0.398069 0.575169 1317067487.945055
-5.534316 -0.820192 55.191368 0.583294 -0.414809 0.398799 0.573290 1317067488.048207
