1.000000 0.000000 0.000000 0.000000 0.000000 1.000000 0.000000 0.000000 0.000000 0.000000 1.000000 0.000000
0.999981 0.000593 -0.006090 -0.004236 -0.000593 1.000000 0.000068 -0.001823 0.006090 -0.000064 0.999981 0.089769
0.999916 0.001562 -0.012889 -0.009565 -0.001562 0.999999 0.000014 -0.005359 0.012889 0.000007 0.999917 0.183975
0.999792 0.002108 -0.020267 -0.015411 -0.002117 0.999998 -0.000420 -0.009657 0.020266 0.000463 0.999795 0.272974
0.999593 0.002687 -0.028406 -0.019991 -0.002733 0.999995 -0.001566 -0.012892 0.028402 0.001643 0.999595 0.373798
0.999240 0.002946 -0.038869 -0.025277 -0.003049 0.999992 -0.002592 -0.017839 0.038861 0.002708 0.999241 0.482623
0.998639 0.003202 -0.052066 -0.033512 -0.003381 0.999989 -0.003358 -0.021474 0.052055 0.003530 0.998638 0.606957
0.997683 0.003053 -0.067967 -0.044918 -0.003314 0.999988 -0.003725 -0.023891 0.067954 0.003941 0.997681 0.747440
0.996256 0.001856 -0.086432 -0.054205 -0.002201 0.999990 -0.003895 -0.025110 0.086424 0.004071 0.996250 0.892924
0.994352 0.001192 -0.106125 -0.066242 -0.001637 0.999990 -0.004102 -0.030834 0.106119 0.004252 0.994344 1.050203
0.991757 0.001626 -0.128123 -0.090664 -0.002264 0.999986 -0.004839 -0.038585 0.128113 0.005089 0.991746 1.217223
0.988393 0.004867 -0.151843 -0.131323 -0.005804 0.999967 -0.005725 -0.052324 0.151811 0.006540 0.988388 1.386708
0.984185 0.007977 -0.176964 -0.179620 -0.009398 0.999930 -0.007190 -0.062844 0.176894 0.008739 0.984191 1.557983
0.978964 0.010542 -0.203759 -0.234218 -0.012493 0.999888 -0.008295 -0.071789 0.203648 0.010667 0.978986 1.740896
0.972354 0.011586 -0.233226 -0.292734 -0.013919 0.999868 -0.008359 -0.081010 0.233099 0.011374 0.972387 1.925774
0.964519 0.013213 -0.263684 -0.361060 -0.015953 0.999839 -0.008255 -0.089784 0.263532 0.012169 0.964574 2.113684
0.955277 0.014693 -0.295348 -0.438136 -0.017830 0.999810 -0.007932 -0.096742 0.295175 0.012843 0.955357 2.308174
0.944194 0.016417 -0.328980 -0.527622 -0.019907 0.999776 -0.007244 -0.107118 0.328788 0.013389 0.944309 2.505281
0.931791 0.018465 -0.362525 -0.626267 -0.022582 0.999720 -0.007123 -0.114883 0.362292 0.014823 0.931947 2.699727
0.918187 0.020410 -0.395622 -0.736093 -0.025288 0.999655 -0.007119 -0.120680 0.395340 0.016541 0.918386 2.900273
0.902597 0.020682 -0.429989 -0.845504 -0.026201 0.999633 -0.006917 -0.120859 0.429688 0.017510 0.902808 3.101664
0.884543 0.016993 -0.466149 -0.953923 -0.023371 0.999696 -0.007906 -0.119493 0.465873 0.017888 0.884671 3.306189
0.863815 0.013816 -0.503620 -1.074103 -0.021064 0.999740 -0.008703 -0.127838 0.503369 0.018126 0.863882 3.518143
0.839567 0.014982 -0.543050 -1.225684 -0.022276 0.999728 -0.006858 -0.141222 0.542800 0.017855 0.839672 3.726084
0.811214 0.019668 -0.584419 -1.407819 -0.026901 0.999631 -0.003698 -0.154548 0.584131 0.018721 0.811444 3.922420
0.779197 0.022109 -0.626389 -1.597761 -0.030081 0.999545 -0.002140 -0.164761 0.626057 0.020510 0.779508 4.108988
0.743621 0.021244 -0.668264 -1.790137 -0.030505 0.999532 -0.002170 -0.164800 0.667906 0.021999 0.743921 4.295566
0.704371 0.017453 -0.709617 -1.992707 -0.026837 0.999638 -0.002053 -0.167056 0.709324 0.020490 0.704584 4.492702
0.662180 0.015206 -0.749191 -2.210372 -0.024273 0.999705 -0.001164 -0.173942 0.748952 0.018956 0.662353 4.679632
0.617945 0.014595 -0.786086 -2.454298 -0.023292 0.999729 0.000252 -0.180870 0.785876 0.018154 0.618118 4.861948
0.569888 0.014943 -0.821586 -2.721867 -0.022510 0.999743 0.002570 -0.185570 0.821414 0.017029 0.570078 5.035274
0.518894 0.015114 -0.854705 -3.006581 -0.022314 0.999743 0.004132 -0.191688 0.854547 0.016928 0.519098 5.188268
0.466026 0.015597 -0.884633 -3.310321 -0.022490 0.999730 0.005779 -0.193593 0.884485 0.017202 0.466251 5.334186
0.411617 0.016667 -0.911204 -3.632512 -0.022665 0.999711 0.008048 -0.197094 0.911075 0.017340 0.411876 5.465319
0.355852 0.017582 -0.934377 -3.976187 -0.023060 0.999684 0.010028 -0.202275 0.934258 0.017978 0.356145 5.573239
0.300293 0.019462 -0.953648 -4.340522 -0.022623 0.999656 0.013277 -0.203870 0.953579 0.017587 0.300630 5.682573
0.245991 0.020384 -0.969058 -4.721312 -0.019826 0.999676 0.015995 -0.206307 0.969069 0.015278 0.246316 5.774537
0.194299 0.020330 -0.980732 -5.106851 -0.017920 0.999692 0.017172 -0.215300 0.980779 0.014238 0.194603 5.845954
0.146058 0.020719 -0.989059 -5.512682 -0.019686 0.999644 0.018033 -0.224317 0.989080 0.016837 0.146414 5.879695
0.102508 0.020367 -0.994524 -5.933408 -0.021159 0.999609 0.018291 -0.219262 0.994507 0.019168 0.102899 5.906080
0.063569 0.018845 -0.997799 -6.369247 -0.022356 0.999598 0.017455 -0.214175 0.997727 0.021198 0.063965 5.925300
0.028662 0.016026 -0.999461 -6.820161 -0.022100 0.999637 0.015395 -0.215157 0.999345 0.021647 0.029005 5.932335
-0.003529 0.013670 -0.999900 -7.283877 -0.021678 0.999671 0.013743 -0.217905 0.999759 0.021724 -0.003232 5.927436
-0.030856 0.011728 -0.999455 -7.755504 -0.022243 0.999675 0.012418 -0.220804 0.999276 0.022614 -0.030585 5.909081
-0.052170 0.009949 -0.998589 -8.241201 -0.022635 0.999682 0.011142 -0.219987 0.998382 0.023184 -0.051928 5.880656
-0.068929 0.009183 -0.997579 -8.753303 -0.023601 0.999663 0.010833 -0.213967 0.997342 0.024291 -0.068689 5.848052
-0.082267 0.009438 -0.996566 -9.291916 -0.024039 0.999645 0.011451 -0.215710 0.996320 0.024899 -0.082011 5.803359
-0.091875 0.010278 -0.995718 -9.847067 -0.025685 0.999590 0.012688 -0.221409 0.995439 0.026741 -0.091573 5.745669
-0.098841 0.011188 -0.995040 -10.423921 -0.027223 0.999532 0.013943 -0.226383 0.994731 0.028466 -0.098490 5.682673
-0.103044 0.011699 -0.994608 -11.019408 -0.028216 0.999494 0.014680 -0.224424 0.994277 0.029577 -0.102661 5.614483
-0.104032 0.012116 -0.994500 -11.636827 -0.027088 0.999520 0.015010 -0.224987 0.994205 0.028501 -0.103654 5.556036
-0.103008 0.013600 -0.994588 -12.271720 -0.026568 0.999512 0.016419 -0.224979 0.994326 0.028115 -0.102596 5.491142
-0.101873 0.015109 -0.994683 -12.916342 -0.027182 0.999469 0.017966 -0.229083 0.994426 0.028867 -0.101408 5.422134
-0.100067 0.014606 -0.994873 -13.567593 -0.027982 0.999455 0.017488 -0.234652 0.994587 0.029589 -0.099604 5.350251
-0.098205 0.012479 -0.995088 -14.244670 -0.026793 0.999526 0.015179 -0.250246 0.994806 0.028152 -0.097824 5.282040
-0.097001 0.012034 -0.995212 -14.945073 -0.025691 0.999563 0.014591 -0.260384 0.994953 0.026983 -0.096649 5.222730
-0.095844 0.014658 -0.995288 -15.661310 -0.024618 0.999551 0.017091 -0.270498 0.995092 0.026141 -0.095440 5.156752
-0.094171 0.017733 -0.995398 -16.395870 -0.024342 0.999501 0.020109 -0.279346 0.995258 0.026124 -0.093693 5.083953
-0.093027 0.019223 -0.995478 -17.131073 -0.023610 0.999490 0.021507 -0.284652 0.995384 0.025504 -0.092526 5.011650
-0.092163 0.018376 -0.995574 -17.864691 -0.022738 0.999530 0.020554 -0.290647 0.995484 0.024531 -0.091702 4.944535
-0.090772 0.016250 -0.995739 -18.597269 -0.021697 0.999597 0.018291 -0.303455 0.995635 0.023265 -0.090383 4.876732
-0.089532 0.015642 -0.995861 -19.351023 -0.020265 0.999641 0.017524 -0.308673 0.995778 0.021750 -0.089183 4.808036
-0.088234 0.017241 -0.995951 -20.134209 -0.015683 0.999702 0.018696 -0.319325 0.995976 0.017269 -0.087937 4.748318
-0.086855 0.019452 -0.996031 -20.924957 -0.012569 0.999708 0.020620 -0.333445 0.996142 0.014310 -0.086585 4.683403
-0.085346 0.020800 -0.996134 -21.728060 -0.009979 0.999714 0.021730 -0.343166 0.996301 0.011795 -0.085114 4.617441
-0.084489 0.016740 -0.996284 -22.517317 -0.008397 0.999811 0.017511 -0.356253 0.996389 0.009845 -0.084333 4.553551
-0.084119 0.009875 -0.996407 -23.308165 -0.005954 0.999928 0.010412 -0.370201 0.996438 0.006809 -0.084054 4.490870
-0.083718 0.005423 -0.996475 -24.118723 -0.003864 0.999976 0.005767 -0.383027 0.996482 0.004333 -0.083695 4.428750
-0.083858 0.005847 -0.996461 -24.945740 -0.005090 0.999967 0.006296 -0.393652 0.996465 0.005600 -0.083825 4.357801
-0.083509 0.011840 -0.996437 -25.815956 -0.004442 0.999915 0.012254 -0.402379 0.996497 0.005449 -0.083449 4.287555
-0.083610 0.017453 -0.996346 -26.687437 -0.003992 0.999833 0.017849 -0.407449 0.996491 0.005470 -0.083527 4.217207
-0.083975 0.021228 -0.996242 -27.552324 -0.004666 0.999754 0.021696 -0.408570 0.996457 0.006470 -0.083855 4.137349
-0.084275 0.021049 -0.996220 -28.397415 -0.004929 0.999756 0.021541 -0.408008 0.996430 0.006725 -0.084151 4.063832
-0.085848 0.017684 -0.996151 -29.230574 -0.007186 0.999805 0.018368 -0.409100 0.996282 0.008736 -0.085704 3.985823
-0.086658 0.015593 -0.996116 -30.070908 -0.007616 0.999838 0.016313 -0.413516 0.996209 0.009000 -0.086525 3.907219
-0.087979 0.016115 -0.995992 -30.913830 -0.009065 0.999815 0.016977 -0.415014 0.996081 0.010523 -0.087817 3.823755
-0.088920 0.016748 -0.995898 -31.758570 -0.009703 0.999797 0.017680 -0.417689 0.995992 0.011235 -0.088740 3.741258
-0.089958 0.014750 -0.995836 -32.579914 -0.010196 0.999824 0.015731 -0.419933 0.995893 0.011569 -0.089792 3.661155
-0.090341 0.008933 -0.995871 -33.392094 -0.013147 0.999862 0.010162 -0.425581 0.995824 0.014011 -0.090211 3.571967
-0.091086 0.005092 -0.995830 -34.221436 -0.014397 0.999876 0.006430 -0.438666 0.995739 0.014922 -0.091001 3.483705
-0.091162 0.005077 -0.995823 -35.059666 -0.014859 0.999869 0.006458 -0.452796 0.995725 0.015386 -0.091075 3.395512
-0.091888 0.006927 -0.995745 -35.910355 -0.013678 0.999873 0.008218 -0.474780 0.995675 0.014375 -0.091782 3.314559
-0.092595 0.010541 -0.995648 -36.760555 -0.016197 0.999796 0.012091 -0.494878 0.995572 0.017246 -0.092405 3.223754
-0.093034 0.014597 -0.995556 -37.621620 -0.017446 0.999715 0.016288 -0.506214 0.995510 0.018883 -0.092753 3.140913
-0.093824 0.016730 -0.995448 -38.478333 -0.018715 0.999653 0.018565 -0.520914 0.995413 0.020372 -0.093479 3.054476
-0.094312 0.016368 -0.995408 -39.329208 -0.016515 0.999701 0.018003 -0.541230 0.995406 0.018137 -0.094014 2.973480
-0.095205 0.012190 -0.995383 -40.148643 -0.015878 0.999779 0.013763 -0.564581 0.995331 0.017114 -0.094991 2.892285
-0.095295 0.008595 -0.995412 -40.970993 -0.014969 0.999837 0.010066 -0.590380 0.995337 0.015860 -0.095150 2.808106
-0.095549 0.006044 -0.995406 -41.810795 -0.015965 0.999844 0.007603 -0.618913 0.995297 0.016618 -0.095437 2.713451
-0.096114 0.003985 -0.995362 -42.640385 -0.015839 0.999859 0.005532 -0.643773 0.995244 0.016297 -0.096037 2.622069
-0.096145 0.002163 -0.995365 -43.465450 -0.011958 0.999923 0.003328 -0.672695 0.995296 0.012223 -0.096111 2.545029
-0.097832 -0.001040 -0.995202 -44.277493 -0.006822 0.999977 -0.000374 -0.700293 0.995180 0.006753 -0.097837 2.478683
-0.099200 -0.002612 -0.995064 -45.088490 -0.001345 0.999996 -0.002491 -0.727405 0.995067 0.001091 -0.099203 2.410706
-0.100473 -0.000229 -0.994940 -45.916809 -0.000108 1.000000 -0.000220 -0.754315 0.994940 0.000085 -0.100473 2.325636
-0.101972 0.004801 -0.994776 -46.737740 0.001827 0.999988 0.004639 -0.768818 0.994786 -0.001344 -0.101980 2.244411
-0.103662 0.007060 -0.994587 -47.553596 0.001788 0.999974 0.006911 -0.783498 0.994611 -0.001062 -0.103672 2.161749
-0.105017 0.005771 -0.994454 -48.373024 0.000758 0.999983 0.005723 -0.797144 0.994470 -0.000153 -0.105020 2.075048
-0.105893 0.001775 -0.994376 -49.175396 -0.002342 0.999995 0.002034 -0.813164 0.994375 0.002544 -0.105889 1.976043
-0.106480 -0.001767 -0.994313 -49.969986 -0.005704 0.999983 -0.001166 -0.832050 0.994298 0.005547 -0.106488 1.874338
-0.107588 -0.004096 -0.994187 -50.763016 -0.009730 0.999948 -0.003067 -0.844089 0.994148 0.009344 -0.107622 1.768535
-0.108006 -0.004036 -0.994142 -51.564884 -0.012143 0.999923 -0.002740 -0.854574 0.994076 0.011776 -0.108047 1.669527
-0.109225 -0.003890 -0.994009 -52.354549 -0.014294 0.999895 -0.002343 -0.866673 0.993914 0.013953 -0.109270 1.573890
-0.110411 -0.005179 -0.993873 -53.134312 -0.017756 0.999837 -0.003238 -0.883619 0.993727 0.017290 -0.110485 1.471783
-0.110915 -0.006416 -0.993809 -53.918251 -0.021384 0.999763 -0.004068 -0.893301 0.993600 0.020801 -0.111026 1.370113
-0.111662 -0.006119 -0.993727 -54.697620 -0.022268 0.999745 -0.003654 -0.904518 0.993497 0.021720 -0.111770 1.278533
-0.112545 -0.004475 -0.993637 -55.475002 -0.023131 0.999731 -0.001883 -0.922421 0.993377 0.022772 -0.112618 1.180694
-0.113068 -0.001672 -0.993586 -56.255657 -0.025314 0.999679 0.001198 -0.934888 0.993265 0.025287 -0.113074 1.081187
-0.113931 -0.000423 -0.993489 -57.042194 -0.026380 0.999649 0.002600 -0.950652 0.993138 0.026505 -0.113902 0.980150
-0.114407 -0.001039 -0.993433 -57.810333 -0.026686 0.999642 0.002028 -0.972205 0.993075 0.026743 -0.114394 0.890401
-0.114902 -0.002929 -0.993372 -58.554123 -0.026344 0.999653 0.000100 -0.997509 0.993027 0.026180 -0.114939 0.797317
-0.115299 -0.006590 -0.993309 -59.288452 -0.026219 0.999650 -0.003589 -1.024685 0.992985 0.025630 -0.115431 0.703699
-0.115627 -0.009191 -0.993250 -60.013691 -0.027368 0.999607 -0.006064 -1.054979 0.992916 0.026483 -0.115834 0.607833
-0.114653 -0.011216 -0.993342 -60.721558 -0.027416 0.999591 -0.008122 -1.089115 0.993027 0.026302 -0.114913 0.514986
-0.112672 -0.011828 -0.993562 -61.429977 -0.026784 0.999602 -0.008862 -1.127413 0.993271 0.025613 -0.112944 0.423463
-0.108540 -0.011256 -0.994028 -62.115059 -0.025469 0.999639 -0.008538 -1.160491 0.993766 0.024390 -0.108788 0.339447
-0.103615 -0.010317 -0.994564 -62.789856 -0.022629 0.999712 -0.008012 -1.192382 0.994360 0.021676 -0.103819 0.268794
-0.096838 -0.008877 -0.995261 -63.445358 -0.020402 0.999768 -0.006932 -1.230998 0.995091 0.019634 -0.096997 0.200956
-0.088474 -0.007699 -0.996049 -64.076141 -0.019167 0.999798 -0.006026 -1.269199 0.995894 0.018559 -0.088603 0.139719
-0.077526 -0.006139 -0.996971 -64.680176 -0.019759 0.999794 -0.004620 -1.298040 0.996795 0.019341 -0.077631 0.075641
-0.063510 -0.004778 -0.997970 -65.276581 -0.021511 0.999763 -0.003417 -1.325754 0.997749 0.021251 -0.063598 0.022455
-0.046087 -0.003502 -0.998931 -65.858650 -0.021076 0.999775 -0.002532 -1.350606 0.998715 0.020936 -0.046150 -0.014180
-0.024450 -0.002641 -0.999698 -66.408195 -0.021007 0.999777 -0.002128 -1.372160 0.999480 0.020949 -0.024500 -0.036525
0.000109 -0.002234 -0.999997 -66.938210 -0.019551 0.999806 -0.002236 -1.389282 0.999809 0.019551 0.000065 -0.040228
0.028342 -0.002368 -0.999596 -67.443817 -0.016592 0.999858 -0.002839 -1.406793 0.999461 0.016665 0.028298 -0.021701
0.061491 -0.002329 -0.998105 -67.932091 -0.013994 0.999897 -0.003195 -1.422040 0.998010 0.014164 0.061452 0.010906
0.098130 -0.002195 -0.995171 -68.408112 -0.011361 0.999930 -0.003326 -1.435120 0.995109 0.011632 0.098098 0.063146
0.137568 -0.002290 -0.990490 -68.854881 -0.009625 0.999947 -0.003649 -1.454725 0.990446 0.010035 0.137538 0.130945
0.181753 -0.001370 -0.983343 -69.302193 -0.007626 0.999967 -0.002803 -1.469373 0.983315 0.008009 0.181737 0.218034
0.228544 -0.001810 -0.973532 -69.727341 -0.003578 0.999990 -0.002699 -1.480140 0.973527 0.004100 0.228535 0.335925
0.277565 -0.005461 -0.960691 -70.146797 0.005241 0.999978 -0.004170 -1.494316 0.960693 -0.003877 0.277588 0.482301
0.327597 -0.009443 -0.944770 -70.549202 0.011787 0.999913 -0.005907 -1.507990 0.944744 -0.009201 0.327680 0.646089
0.379030 -0.012745 -0.925297 -70.939728 0.018072 0.999816 -0.006369 -1.517815 0.925208 -0.014308 0.379191 0.832538
0.429875 -0.012473 -0.902802 -71.326775 0.019859 0.999793 -0.004357 -1.526257 0.902670 -0.016056 0.430034 1.028299
0.477659 -0.013420 -0.878443 -71.697014 0.022638 0.999739 -0.002963 -1.523640 0.878254 -0.018470 0.477838 1.246069
0.522794 -0.015385 -0.852320 -72.055321 0.028206 0.999602 -0.000743 -1.516981 0.851992 -0.023652 0.523020 1.491838
0.566425 -0.019581 -0.823881 -72.385750 0.036652 0.999327 0.001448 -1.520808 0.823298 -0.031017 0.566761 1.765972
0.609525 -0.022049 -0.792460 -72.703674 0.038532 0.999256 0.001834 -1.537013 0.791830 -0.031653 0.609921 2.033265
0.651910 -0.026074 -0.757848 -73.011177 0.037149 0.999307 -0.002425 -1.541300 0.757386 -0.026572 0.652427 2.292297
0.693719 -0.031166 -0.719571 -73.308014 0.035195 0.999337 -0.009354 -1.547111 0.719385 -0.018836 0.694356 2.565581
0.734199 -0.034442 -0.678060 -73.600967 0.033449 0.999335 -0.014543 -1.551931 0.678109 -0.012003 0.734863 2.874726
0.772384 -0.035203 -0.634179 -73.889381 0.033461 0.999332 -0.014720 -1.555978 0.634274 -0.009851 0.773046 3.222403
0.807869 -0.035814 -0.588274 -74.161751 0.034429 0.999315 -0.013557 -1.562548 0.588356 -0.009301 0.808548 3.606418
0.840121 -0.035568 -0.541232 -74.430077 0.033910 0.999340 -0.013037 -1.576415 0.541338 -0.007401 0.840772 4.020732
0.867679 -0.034090 -0.495955 -74.690018 0.033778 0.999383 -0.009599 -1.595833 0.495976 -0.008424 0.868295 4.483886
0.890557 -0.032294 -0.453725 -74.937538 0.032447 0.999446 -0.007449 -1.613551 0.453714 -0.008088 0.891111 4.968023
0.909891 -0.029939 -0.413766 -75.178993 0.029710 0.999534 -0.006989 -1.622998 0.413783 -0.005934 0.910356 5.475153
0.925240 -0.027425 -0.378389 -75.407814 0.027770 0.999604 -0.004546 -1.632917 0.378364 -0.006302 0.925635 6.019075
0.936808 -0.026583 -0.348833 -75.617828 0.027604 0.999617 -0.002044 -1.642069 0.348753 -0.007714 0.937183 6.582945
0.945266 -0.026722 -0.325205 -75.809143 0.028368 0.999597 0.000320 -1.652880 0.325065 -0.009528 0.945644 7.166703
0.951996 -0.026794 -0.304937 -75.996033 0.028983 0.999576 0.002653 -1.664341 0.304737 -0.011363 0.952369 7.770030
0.957426 -0.026061 -0.287500 -76.182472 0.028768 0.999573 0.005195 -1.673799 0.287242 -0.013244 0.957767 8.383845
0.961697 -0.022444 -0.273194 -76.379166 0.025389 0.999651 0.007247 -1.691130 0.272936 -0.013905 0.961932 9.016014
0.965241 -0.020976 -0.260518 -76.568344 0.023904 0.999682 0.008076 -1.700858 0.260266 -0.014023 0.965435 9.650424
0.968473 -0.020606 -0.248266 -76.736938 0.023489 0.999687 0.008659 -1.713339 0.248009 -0.014218 0.968653 10.286874
0.971661 -0.020165 -0.235515 -76.904457 0.022914 0.999697 0.008943 -1.731554 0.235264 -0.014086 0.971829 10.947738
0.974903 -0.019232 -0.221797 -77.075516 0.021979 0.999709 0.009923 -1.743918 0.221541 -0.014549 0.975042 11.617348
0.977807 -0.019027 -0.208641 -77.235878 0.021757 0.999705 0.010795 -1.758757 0.208375 -0.015095 0.977933 12.311055
0.980404 -0.019092 -0.196072 -77.388313 0.021276 0.999733 0.009038 -1.774418 0.195847 -0.013033 0.980548 13.016250
0.982558 -0.019303 -0.184951 -77.537712 0.020557 0.999777 0.004865 -1.792086 0.184816 -0.008582 0.982736 13.733685
0.984185 -0.020212 -0.175986 -77.674576 0.020543 0.999789 0.000056 -1.810212 0.175947 -0.003671 0.984393 14.451756
0.985566 -0.016503 -0.168485 -77.818794 0.016664 0.999861 -0.000458 -1.831431 0.168469 -0.002356 0.985704 15.191672
0.986460 -0.015056 -0.163312 -77.955208 0.015914 0.999866 0.003951 -1.846032 0.163231 -0.006496 0.986567 15.963823
0.987102 -0.010835 -0.159725 -78.096725 0.012683 0.999864 0.010556 -1.860581 0.159589 -0.012446 0.987105 16.737221
0.987513 -0.009636 -0.157243 -78.224442 0.011864 0.999842 0.013237 -1.873112 0.157090 -0.014937 0.987471 17.503487
0.987898 -0.010026 -0.154781 -78.349800 0.012068 0.999852 0.012258 -1.889961 0.154636 -0.013978 0.987873 18.263380
0.988186 -0.011108 -0.152856 -78.467346 0.012961 0.999854 0.011132 -1.903856 0.152710 -0.012982 0.988186 19.020008
0.988333 -0.011089 -0.151907 -78.589798 0.013060 0.999843 0.011986 -1.910191 0.151750 -0.013830 0.988322 19.793125
0.988265 -0.012009 -0.152280 -78.711769 0.014200 0.999811 0.013309 -1.921106 0.152091 -0.015315 0.988248 20.575216
0.988452 -0.012028 -0.151054 -78.836075 0.014264 0.999804 0.013724 -1.927806 0.150859 -0.015720 0.988430 21.352291
0.988563 -0.015283 -0.150035 -78.953384 0.017009 0.999803 0.010223 -1.937076 0.149849 -0.012657 0.988628 22.120081
0.988651 -0.016318 -0.149341 -79.080849 0.017072 0.999847 0.003771 -1.954491 0.149257 -0.006278 0.988779 22.872931
0.988772 -0.017621 -0.148391 -79.203461 0.017160 0.999843 -0.004383 -1.968308 0.148445 0.001788 0.988919 23.612139
0.988799 -0.018946 -0.148043 -79.322006 0.017834 0.999802 -0.008835 -1.984629 0.148181 0.006096 0.988941 24.363810
0.988965 -0.018033 -0.147046 -79.446205 0.017006 0.999821 -0.008236 -2.003191 0.147169 0.005645 0.989095 25.129324
0.989272 -0.016637 -0.145133 -79.571426 0.016023 0.999857 -0.005395 -2.023133 0.145202 0.003012 0.989397 25.898699
0.989614 -0.015760 -0.142883 -79.694618 0.015664 0.999876 -0.001800 -2.035331 0.142894 -0.000457 0.989738 26.662563
0.989659 -0.016902 -0.142438 -79.804947 0.016867 0.999857 -0.001455 -2.046682 0.142443 -0.000962 0.989803 27.415960
0.989623 -0.018849 -0.142444 -79.913872 0.018771 0.999822 -0.001893 -2.062979 0.142454 -0.000800 0.989801 28.174154
0.989695 -0.018913 -0.141940 -80.025482 0.018735 0.999821 -0.002595 -2.077890 0.141963 -0.000091 0.989872 28.928982
0.989766 -0.019282 -0.141394 -80.138947 0.018913 0.999813 -0.003957 -2.095761 0.141444 0.001242 0.989945 29.684923
0.989798 -0.021185 -0.140894 -80.244186 0.020629 0.999773 -0.005401 -2.109761 0.140976 0.002439 0.990010 30.443077
0.989863 -0.021176 -0.140440 -80.357109 0.020599 0.999772 -0.005565 -2.126611 0.140526 0.002616 0.990074 31.206865
0.989984 -0.019548 -0.139818 -80.476875 0.019001 0.999806 -0.005245 -2.143624 0.139894 0.002535 0.990163 31.972589
0.990065 -0.017891 -0.139467 -80.595772 0.017238 0.999834 -0.005885 -2.158824 0.139549 0.003423 0.990209 32.744694
0.989902 -0.016569 -0.140782 -80.707962 0.015809 0.999854 -0.006515 -2.173680 0.140869 0.004224 0.990019 33.516338
0.989694 -0.016381 -0.142262 -80.818451 0.015630 0.999857 -0.006399 -2.195290 0.142346 0.004110 0.989808 34.285091
0.989364 -0.014531 -0.144736 -80.939346 0.013715 0.999884 -0.006633 -2.218359 0.144816 0.004577 0.989448 35.071907
0.989029 -0.010938 -0.147314 -81.069176 0.009956 0.999923 -0.007396 -2.239955 0.147384 0.005848 0.989062 35.866367
0.988795 -0.010185 -0.148935 -81.192764 0.008603 0.999900 -0.011262 -2.263433 0.149035 0.009854 0.988783 36.645248
0.988544 -0.008241 -0.150710 -81.320351 0.006071 0.999871 -0.014847 -2.282052 0.150813 0.013762 0.988467 37.439011
0.988397 -0.007700 -0.151697 -81.444038 0.005319 0.999856 -0.016094 -2.312657 0.151800 0.015100 0.988296 38.269585
0.988250 -0.004955 -0.152765 -81.576241 0.002617 0.999876 -0.015501 -2.332426 0.152823 0.014919 0.988141 39.122871
0.987980 -0.005303 -0.154494 -81.698471 0.002992 0.999880 -0.015188 -2.368253 0.154556 0.014543 0.987877 39.981850
0.987766 -0.006537 -0.155804 -81.828835 0.004370 0.999889 -0.014248 -2.402562 0.155880 0.013392 0.987685 40.838825
0.987720 -0.006107 -0.156115 -81.969330 0.004238 0.999915 -0.012302 -2.429915 0.156177 0.011490 0.987662 41.690716
0.987659 -0.006271 -0.156491 -82.106247 0.004949 0.999949 -0.008839 -2.460836 0.156538 0.007956 0.987640 42.550327
0.987814 -0.005853 -0.155531 -82.242386 0.004974 0.999969 -0.006039 -2.496525 0.155561 0.005191 0.987813 43.403133
0.988126 -0.002371 -0.153626 -82.393501 0.001545 0.999984 -0.005496 -2.527701 0.153636 0.005193 0.988114 44.261875
0.988513 -0.000874 -0.151136 -82.538986 -0.000193 0.999975 -0.007044 -2.559875 0.151138 0.006992 0.988488 45.115162
0.988818 -0.003539 -0.149082 -82.666206 0.002133 0.999952 -0.009593 -2.589442 0.149109 0.009168 0.988778 45.959362
0.989060 -0.007213 -0.147335 -82.789978 0.005642 0.999923 -0.011078 -2.624517 0.147404 0.010126 0.989025 46.822422
0.989393 -0.007471 -0.145074 -82.926399 0.005787 0.999911 -0.012027 -2.661843 0.145151 0.011060 0.989348 47.682022
0.989614 -0.007617 -0.143551 -83.057472 0.006099 0.999921 -0.011014 -2.690936 0.143624 0.010024 0.989582 48.545155
0.989763 -0.008108 -0.142489 -83.179565 0.006883 0.999935 -0.009090 -2.729703 0.142554 0.008017 0.989755 49.412979
0.989942 -0.007768 -0.141260 -83.306885 0.006504 0.999935 -0.009409 -2.764333 0.141323 0.008396 0.989928 50.279034
0.990128 -0.005462 -0.140063 -83.441734 0.003719 0.999912 -0.012697 -2.807001 0.140120 0.012051 0.990061 51.122108
0.990351 -0.002658 -0.138558 -83.579063 0.000201 0.999843 -0.017744 -2.846123 0.138584 0.017545 0.990195 51.962425
0.990532 0.000364 -0.137282 -83.713585 -0.003581 0.999725 -0.023185 -2.893116 0.137236 0.023457 0.990261 52.802738
0.990653 0.004159 -0.136340 -83.856300 -0.008192 0.999545 -0.029032 -2.942780 0.136157 0.029878 0.990237 53.646076
0.990838 0.005171 -0.134960 -83.982880 -0.009414 0.999481 -0.030816 -2.987418 0.134731 0.031804 0.990372 54.479328
0.990924 0.005294 -0.134316 -84.102623 -0.008957 0.999604 -0.026684 -3.036830 0.134122 0.027645 0.990579 55.350899
0.990842 0.004839 -0.134942 -84.225342 -0.007376 0.999805 -0.018309 -3.085356 0.134827 0.019137 0.990684 56.225540
0.990689 0.000937 -0.136140 -84.337975 -0.002561 0.999928 -0.011752 -3.123881 0.136119 0.011991 0.990620 57.085602
0.990313 -0.002176 -0.138834 -84.456924 0.000377 0.999916 -0.012985 -3.158676 0.138851 0.012807 0.990231 57.940571
0.990002 -0.006154 -0.140918 -84.571701 0.003999 0.999871 -0.015568 -3.198476 0.140995 0.014849 0.989899 58.771347
0.989666 -0.008224 -0.143153 -84.694389 0.005793 0.999832 -0.017390 -3.226390 0.143272 0.016382 0.989548 59.603386
0.989296 -0.007350 -0.145735 -84.827393 0.004510 0.999794 -0.019813 -3.266813 0.145851 0.018943 0.989125 60.435776
0.988791 -0.006864 -0.149147 -84.961639 0.003452 0.999727 -0.023119 -3.302573 0.149265 0.022345 0.988545 61.249180
0.988228 -0.006180 -0.152866 -85.091896 0.002152 0.999646 -0.026503 -3.339050 0.152976 0.025862 0.987891 62.058468
0.987834 -0.005176 -0.155427 -85.228668 0.000548 0.999556 -0.029801 -3.387888 0.155512 0.029353 0.987398 62.859795
0.987299 0.000236 -0.158870 -85.381668 -0.005145 0.999522 -0.030484 -3.436715 0.158787 0.030914 0.986829 63.674965
0.986765 0.005396 -0.162067 -85.533775 -0.010285 0.999516 -0.029343 -3.487646 0.161830 0.030622 0.986343 64.477211
0.986091 0.010578 -0.165867 -85.683937 -0.014966 0.999570 -0.025229 -3.533451 0.165528 0.027360 0.985825 65.287346
0.985367 0.011271 -0.170073 -85.826088 -0.015036 0.999669 -0.020870 -3.574063 0.169782 0.023122 0.985210 66.089211
0.984566 0.011386 -0.174645 -85.965775 -0.014693 0.999736 -0.017655 -3.615796 0.174398 0.019948 0.984473 66.878464
0.983517 0.012044 -0.180412 -86.112633 -0.015331 0.999741 -0.016835 -3.650760 0.180162 0.019324 0.983447 67.670265
0.982476 0.011481 -0.186037 -86.254150 -0.014445 0.999789 -0.014585 -3.687326 0.185831 0.017017 0.982434 68.462875
0.981371 0.011211 -0.191797 -86.401100 -0.014220 0.999796 -0.014320 -3.729083 0.191597 0.016781 0.981330 69.238373
0.980265 0.014319 -0.197168 -86.568634 -0.017712 0.999724 -0.015452 -3.771413 0.196893 0.018639 0.980248 70.004295
0.979242 0.017507 -0.201935 -86.740440 -0.021635 0.999599 -0.018250 -3.812313 0.201535 0.022240 0.979229 70.773109
0.978055 0.017660 -0.207596 -86.902336 -0.022481 0.999529 -0.020888 -3.850581 0.207129 0.025096 0.977992 71.535042
0.976949 0.017181 -0.212782 -87.074387 -0.022407 0.999503 -0.022174 -3.889988 0.212295 0.026430 0.976848 72.297150
0.976082 0.021182 -0.216369 -87.268883 -0.025935 0.999480 -0.019150 -3.928001 0.215851 0.024304 0.976124 73.077034
0.974840 0.023620 -0.221651 -87.450760 -0.027712 0.999498 -0.015368 -3.968219 0.221177 0.021124 0.975005 73.845497
0.973694 0.022926 -0.226702 -87.622322 -0.026648 0.999555 -0.013373 -4.009989 0.226294 0.019062 0.973872 74.603760
0.972111 0.021674 -0.233518 -87.798584 -0.026196 0.999524 -0.016279 -4.048464 0.233054 0.021943 0.972216 75.341499
0.970147 0.021987 -0.241520 -87.983528 -0.028358 0.999335 -0.022936 -4.094521 0.240855 0.029100 0.970125 76.068008
0.967857 0.022975 -0.250449 -88.172447 -0.030484 0.999193 -0.026142 -4.131524 0.249646 0.032937 0.967777 76.806847
0.965057 0.024193 -0.260920 -88.378555 -0.031611 0.999205 -0.024272 -4.169348 0.260126 0.031672 0.965055 77.554710
0.962127 0.025354 -0.271419 -88.591522 -0.031783 0.999308 -0.019315 -4.202507 0.270741 0.027210 0.962268 78.301933
0.958973 0.028125 -0.282097 -88.820259 -0.033178 0.999363 -0.013151 -4.223753 0.281548 0.021970 0.959296 79.046776
0.956008 0.027734 -0.292027 -89.047096 -0.031877 0.999447 -0.009439 -4.262888 0.291604 0.018333 0.956363 79.784172
0.952732 0.029196 -0.302407 -89.282509 -0.034417 0.999336 -0.011947 -4.302771 0.301858 0.021791 0.953104 80.491188
0.949417 0.027644 -0.312800 -89.516823 -0.035748 0.999157 -0.020200 -4.337566 0.311978 0.030360 0.949604 81.181084
0.945943 0.027755 -0.323142 -89.757401 -0.037979 0.998956 -0.025375 -4.368900 0.322101 0.036276 0.946010 81.873047
0.942199 0.030036 -0.333705 -90.013916 -0.039754 0.998960 -0.022329 -4.394369 0.332688 0.034304 0.942413 82.584251
0.938203 0.034972 -0.344313 -90.280296 -0.043283 0.998927 -0.016478 -4.426847 0.343368 0.030363 0.938710 83.294525
0.934190 0.037294 -0.354821 -90.555183 -0.044335 0.998948 -0.011734 -4.457448 0.354010 0.026693 0.934861 84.014351
0.929545 0.035244 -0.367021 -90.825623 -0.042791 0.999007 -0.012443 -4.502812 0.366218 0.027271 0.930129 84.719025
0.925113 0.031091 -0.378417 -91.101318 -0.040242 0.999057 -0.016295 -4.538596 0.377553 0.030303 0.925492 85.416298
0.921560 0.026353 -0.387340 -91.380692 -0.037829 0.999041 -0.022033 -4.579602 0.386388 0.034958 0.921674 86.108231
0.918816 0.021268 -0.394113 -91.669266 -0.034913 0.999012 -0.027486 -4.617018 0.393139 0.039014 0.918651 86.795952
0.915819 0.019708 -0.401107 -91.975395 -0.034372 0.998977 -0.029396 -4.662032 0.400117 0.040708 0.915559 87.503098
0.912686 0.023025 -0.408011 -92.299721 -0.038419 0.998824 -0.029572 -4.702180 0.406851 0.042666 0.912498 88.198006
0.909422 0.025236 -0.415107 -92.622894 -0.040648 0.998772 -0.028333 -4.740687 0.413882 0.042640 0.909331 88.886787
0.906137 0.027144 -0.422113 -92.949112 -0.040563 0.998916 -0.022841 -4.777997 0.421035 0.037820 0.906255 89.584526
0.903317 0.030583 -0.427882 -93.293991 -0.041135 0.999034 -0.015436 -4.820755 0.426997 0.031545 0.903703 90.306641
0.900690 0.038231 -0.432777 -93.659004 -0.046932 0.998854 -0.009438 -4.854760 0.431920 0.028812 0.901452 91.015610
0.897979 0.041857 -0.438044 -94.022156 -0.052079 0.998579 -0.011344 -4.880723 0.436946 0.032999 0.898882 91.699326
0.895451 0.038492 -0.443492 -94.360703 -0.052539 0.998430 -0.019425 -4.900768 0.442048 0.040694 0.896068 92.370071
0.893340 0.031883 -0.448249 -94.689194 -0.049108 0.998432 -0.026854 -4.937069 0.446690 0.046003 0.893505 93.038292
0.891205 0.032853 -0.452409 -95.045067 -0.050647 0.998344 -0.027272 -4.977903 0.450764 0.047218 0.891393 93.721222
0.888815 0.039360 -0.456573 -95.432838 -0.056405 0.998125 -0.023758 -5.009997 0.454782 0.046870 0.889369 94.417114
0.886337 0.042051 -0.461126 -95.803024 -0.057671 0.998139 -0.019827 -5.048056 0.459434 0.044167 0.887113 95.104034
0.883960 0.038534 -0.465971 -96.159332 -0.054378 0.998308 -0.020600 -5.092492 0.464389 0.043548 0.884560 95.796120
0.881598 0.035272 -0.470682 -96.525955 -0.053793 0.998215 -0.025952 -5.128881 0.468926 0.048199 0.881921 96.471161
0.878855 0.032970 -0.475949 -96.899696 -0.054590 0.998007 -0.031668 -5.168870 0.473956 0.053814 0.878903 97.159225
0.876309 0.034204 -0.480533 -97.285370 -0.057296 0.997796 -0.033464 -5.201724 0.478329 0.056858 0.876338 97.834549
0.873722 0.037550 -0.484975 -97.673058 -0.059826 0.997742 -0.030530 -5.242309 0.482733 0.055689 0.873995 98.514908
0.871255 0.038651 -0.489307 -98.060715 -0.060638 0.997734 -0.029158 -5.287579 0.487071 0.055074 0.871624 99.195992
0.868484 0.039496 -0.494142 -98.446350 -0.061781 0.997673 -0.028842 -5.333300 0.491853 0.055578 0.868903 99.866486
0.865887 0.038173 -0.498780 -98.832741 -0.060850 0.997717 -0.029277 -5.375660 0.496524 0.055701 0.866234 100.540138
0.863625 0.036592 -0.502805 -99.213867 -0.059526 0.997787 -0.029628 -5.420122 0.500608 0.055518 0.863892 101.194572
0.861167 0.036222 -0.507030 -99.602585 -0.059229 0.997814 -0.029313 -5.460872 0.504860 0.055274 0.861430 101.844772
0.858648 0.036947 -0.511233 -100.001617 -0.060217 0.997763 -0.029030 -5.504242 0.509016 0.055712 0.858952 102.498756
0.856146 0.037104 -0.515400 -100.397003 -0.060723 0.997732 -0.029042 -5.545064 0.513154 0.056161 0.856457 103.148521
0.853494 0.034865 -0.519934 -100.782005 -0.060475 0.997645 -0.032375 -5.590394 0.517581 0.059075 0.853593 103.777977
0.851024 0.032040 -0.524149 -101.166298 -0.059926 0.997542 -0.036321 -5.636306 0.521697 0.062320 0.850852 104.397560
0.848706 0.031092 -0.527950 -101.559746 -0.060824 0.997385 -0.039040 -5.683843 0.525355 0.065245 0.848378 105.016785
0.846829 0.033686 -0.530797 -101.970093 -0.062957 0.997325 -0.037148 -5.719212 0.528126 0.064876 0.846684 105.647766
0.844817 0.039346 -0.533607 -102.382729 -0.065672 0.997377 -0.030430 -5.759792 0.531011 0.060750 0.845185 106.270233
0.843244 0.042781 -0.535825 -102.785080 -0.064782 0.997650 -0.022297 -5.797855 0.533612 0.053514 0.844035 106.893684
0.841054 0.042445 -0.539283 -103.177322 -0.062304 0.997883 -0.018629 -5.835228 0.537351 0.049268 0.841918 107.503975
0.838933 0.039107 -0.542827 -103.556480 -0.058839 0.998086 -0.019031 -5.872087 0.541044 0.047906 0.839629 108.104683
0.836778 0.036938 -0.546296 -103.936745 -0.058164 0.998073 -0.021607 -5.909766 0.544445 0.049855 0.837314 108.678574
0.834921 0.035117 -0.549249 -104.308167 -0.057802 0.998038 -0.024055 -5.947197 0.547326 0.051832 0.835313 109.233192
0.833288 0.033892 -0.551799 -104.671234 -0.057181 0.998049 -0.025050 -5.981099 0.549874 0.052427 0.833601 109.773956
0.831846 0.032894 -0.554031 -105.022636 -0.056360 0.998088 -0.025362 -6.018029 0.552138 0.052323 0.832109 110.299759
0.830576 0.033537 -0.555894 -105.369118 -0.056789 0.998082 -0.024635 -6.053602 0.554002 0.052030 0.830888 110.806496
0.829046 0.034202 -0.558134 -105.703995 -0.057188 0.998080 -0.023785 -6.081222 0.556249 0.051637 0.829410 111.300842
0.827560 0.033514 -0.560376 -106.024849 -0.056233 0.998145 -0.023350 -6.109583 0.558554 0.050836 0.827909 111.777184
0.826284 0.033100 -0.562281 -106.333275 -0.055797 0.998172 -0.023236 -6.142778 0.560484 0.050573 0.826620 112.233772
0.824813 0.032707 -0.564458 -106.630386 -0.056183 0.998126 -0.024263 -6.171565 0.562607 0.051726 0.825105 112.663605
0.823415 0.031728 -0.566552 -106.919037 -0.056748 0.998034 -0.026585 -6.207092 0.564595 0.054041 0.823597 113.071396
0.821953 0.029930 -0.568769 -107.191978 -0.057096 0.997918 -0.029999 -6.232489 0.566686 0.057132 0.821950 113.459137
0.819532 0.027355 -0.572380 -107.451500 -0.055450 0.997958 -0.031698 -6.258149 0.570345 0.057716 0.819375 113.839798
0.816479 0.024171 -0.576869 -107.703728 -0.051843 0.998157 -0.031554 -6.283289 0.575043 0.055670 0.816227 114.215157
0.812815 0.024253 -0.582017 -107.958405 -0.051671 0.998196 -0.030565 -6.307479 0.580226 0.054917 0.812602 114.566017
0.808717 0.027082 -0.587575 -108.209183 -0.054414 0.998100 -0.028890 -6.329988 0.585676 0.055336 0.808654 114.893860
0.804791 0.031580 -0.592718 -108.447609 -0.058159 0.997974 -0.025797 -6.347200 0.590702 0.055233 0.804997 115.197624
0.800254 0.036366 -0.598558 -108.678612 -0.060269 0.997983 -0.019945 -6.359493 0.596625 0.052035 0.800831 115.492760
0.795305 0.038424 -0.604990 -108.893723 -0.060928 0.998002 -0.016710 -6.373528 0.603140 0.050151 0.796057 115.773766
0.789869 0.036934 -0.612162 -109.092140 -0.058606 0.998162 -0.015395 -6.389827 0.610469 0.048037 0.790582 116.039848
0.783498 0.035440 -0.620382 -109.278954 -0.056672 0.998287 -0.014544 -6.408120 0.618804 0.046554 0.784165 116.293678
0.775258 0.033967 -0.630731 -109.457314 -0.054654 0.998415 -0.013409 -6.420340 0.629276 0.044868 0.775886 116.530251
0.765458 0.034321 -0.642570 -109.630707 -0.054890 0.998420 -0.012060 -6.435416 0.641140 0.044502 0.766132 116.747276
0.753600 0.035048 -0.656398 -109.809761 -0.056529 0.998334 -0.011596 -6.446959 0.654898 0.045844 0.754325 116.942017
0.739911 0.034143 -0.671838 -109.979347 -0.057298 0.998280 -0.012371 -6.463334 0.670260 0.047649 0.740595 117.125038
0.725529 0.032498 -0.687424 -110.145454 -0.058783 0.998160 -0.014853 -6.481956 0.685676 0.051185 0.726105 117.297127
0.710369 0.030095 -0.703185 -110.301064 -0.059902 0.998046 -0.017799 -6.498943 0.701275 0.054766 0.710784 117.445938
0.695177 0.029943 -0.718215 -110.468010 -0.063909 0.997750 -0.020262 -6.510850 0.715992 0.059986 0.695527 117.583664
0.679492 0.032591 -0.732959 -110.646080 -0.071194 0.997227 -0.021659 -6.521044 0.730221 0.066899 0.679928 117.719887
0.662567 0.034090 -0.748226 -110.823143 -0.074475 0.997012 -0.020524 -6.518189 0.745291 0.069322 0.663126 117.859970
0.643959 0.032831 -0.764356 -110.991081 -0.073025 0.997155 -0.018692 -6.520859 0.761567 0.067854 0.644524 118.008842
0.623755 0.031905 -0.780969 -111.161591 -0.071856 0.997276 -0.016650 -6.525978 0.778310 0.066503 0.624348 118.151878
0.601731 0.032938 -0.798019 -111.339691 -0.072760 0.997255 -0.013702 -6.538206 0.795377 0.066309 0.602476 118.273811
0.577896 0.036339 -0.815301 -111.527443 -0.076446 0.997026 -0.009748 -6.539479 0.812522 0.067960 0.578955 118.383774
0.552899 0.039568 -0.832308 -111.719734 -0.079211 0.996844 -0.005229 -6.541558 0.829475 0.068819 0.554289 118.484566
0.527571 0.042017 -0.848471 -111.905144 -0.081548 0.996669 -0.001350 -6.543963 0.845588 0.069903 0.529240 118.581825
0.501104 0.044489 -0.864243 -112.100983 -0.085050 0.996375 0.001977 -6.550253 0.861198 0.072513 0.503071 118.667786
0.474466 0.047718 -0.878980 -112.298866 -0.088696 0.996039 0.006195 -6.553270 0.875794 0.075023 0.476819 118.746132
0.446035 0.050306 -0.893601 -112.495865 -0.091643 0.995739 0.010313 -6.555233 0.890311 0.077293 0.448744 118.819046
0.416209 0.049908 -0.907898 -112.688530 -0.091152 0.995753 0.012950 -6.562264 0.904689 0.077367 0.418990 118.899139
0.384348 0.047769 -0.921952 -112.890541 -0.091600 0.995706 0.013403 -6.575404 0.918633 0.079299 0.387073 118.969780
0.349874 0.044374 -0.935745 -113.112831 -0.091402 0.995729 0.013043 -6.580179 0.932327 0.080965 0.352435 119.044556
0.311671 0.041692 -0.949275 -113.362816 -0.091334 0.995725 0.013745 -6.580391 0.945790 0.082417 0.314147 119.120934
0.270335 0.040312 -0.961922 -113.625069 -0.090913 0.995727 0.016178 -6.579625 0.958464 0.083077 0.272845 119.185852
0.227071 0.038464 -0.973118 -113.910088 -0.089967 0.995775 0.018366 -6.578847 0.969714 0.083378 0.229572 119.243210
0.180581 0.035915 -0.982904 -114.209839 -0.089083 0.995823 0.020021 -6.576105 0.979518 0.083944 0.183026 119.294014
0.131680 0.033340 -0.990731 -114.530487 -0.088452 0.995843 0.021755 -6.574319 0.987338 0.084767 0.134082 119.329659
0.081661 0.032091 -0.996143 -114.862724 -0.087351 0.995866 0.024922 -6.569414 0.992825 0.084979 0.084127 119.353142
0.029719 0.032243 -0.999038 -115.213547 -0.086520 0.995811 0.029565 -6.561535 0.995807 0.085558 0.032385 119.355667
-0.023392 0.033204 -0.999175 -115.571762 -0.083475 0.995893 0.035050 -6.551964 0.996235 0.084226 -0.020524 119.351212
-0.077623 0.033902 -0.996406 -115.942719 -0.079645 0.996017 0.040093 -6.545130 0.993796 0.082471 -0.074614 119.322205
-0.131348 0.034192 -0.990746 -116.322708 -0.075634 0.996146 0.044405 -6.535031 0.988447 0.080766 -0.128256 119.270500
-0.184380 0.035092 -0.982228 -116.709930 -0.071836 0.996208 0.049077 -6.527056 0.980226 0.079608 -0.181160 119.193359
-0.235713 0.035293 -0.971182 -117.107269 -0.068792 0.996228 0.052900 -6.511824 0.969385 0.079279 -0.232396 119.090508
-0.285128 0.035664 -0.957826 -117.515511 -0.064383 0.996338 0.056264 -6.493484 0.956325 0.077711 -0.281787 118.967216
-0.333470 0.035752 -0.942083 -117.932419 -0.058843 0.996543 0.058648 -6.473810 0.940923 0.074992 -0.330213 118.820976
-0.380400 0.035682 -0.924133 -118.363304 -0.053325 0.996747 0.060436 -6.455040 0.923283 0.072269 -0.377260 118.645721
-0.424185 0.036170 -0.904853 -118.788506 -0.047921 0.996905 0.062314 -6.436850 0.904307 0.069794 -0.421139 118.449844
-0.465956 0.035980 -0.884076 -119.227180 -0.043191 0.997057 0.063342 -6.414039 0.883753 0.067698 -0.463031 118.221329
-0.504467 0.036366 -0.862665 -119.671684 -0.038995 0.997134 0.064838 -6.393072 0.862550 0.066349 -0.501603 117.964935
-0.538579 0.036291 -0.841793 -120.116638 -0.035904 0.997176 0.065961 -6.371646 0.841809 0.065749 -0.535755 117.679802
-0.566916 0.035684 -0.823002 -120.561554 -0.034078 0.997190 0.066711 -6.347378 0.823070 0.065866 -0.564107 117.369156
-0.589996 0.034813 -0.806656 -121.015198 -0.033075 0.997189 0.067227 -6.322711 0.806729 0.066344 -0.587186 117.028389
-0.608115 0.032965 -0.793164 -121.482826 -0.033252 0.997203 0.066939 -6.297616 0.793152 0.067081 -0.605318 116.671715
-0.622261 0.032432 -0.782138 -121.958504 -0.032980 0.997168 0.067586 -6.265235 0.782115 0.067851 -0.619429 116.292595
-0.633875 0.032977 -0.772732 -122.451111 -0.031367 0.997173 0.068286 -6.234712 0.772799 0.067523 -0.631049 115.896156
-0.643716 0.033865 -0.764515 -122.950668 -0.029408 0.997188 0.068933 -6.202712 0.764699 0.066857 -0.640910 115.479019
-0.652111 0.035546 -0.757290 -123.463753 -0.027092 0.997169 0.070135 -6.169618 0.757639 0.066253 -0.649302 115.047600
-0.658170 0.035705 -0.752022 -123.975624 -0.026613 0.997147 0.070635 -6.136061 0.752399 0.066503 -0.655342 114.598167
-0.663278 0.035805 -0.747516 -124.493080 -0.026246 0.997128 0.071048 -6.102429 0.747913 0.066744 -0.660433 114.139481
-0.667867 0.036584 -0.743381 -125.027763 -0.024557 0.997164 0.071137 -6.066146 0.743875 0.065765 -0.665075 113.665176
-0.670749 0.037263 -0.740748 -125.565506 -0.022975 0.997214 0.070968 -6.025896 0.741329 0.064620 -0.668024 113.181442
-0.672655 0.037676 -0.738997 -126.118996 -0.022105 0.997234 0.070962 -5.986109 0.739626 0.064068 -0.669961 112.686180
-0.673311 0.037624 -0.738401 -126.687027 -0.021730 0.997266 0.070629 -5.939148 0.739040 0.063601 -0.670653 112.171486
-0.673654 0.036859 -0.738127 -127.267227 -0.022270 0.997290 0.070126 -5.893267 0.738711 0.063679 -0.671007 111.646126
-0.673827 0.035821 -0.738020 -127.854286 -0.022605 0.997357 0.069046 -5.843898 0.738543 0.063208 -0.671237 111.108955
-0.673727 0.034252 -0.738186 -128.455246 -0.023651 0.997414 0.067866 -5.795871 0.738602 0.063182 -0.671174 110.566574
-0.673901 0.032605 -0.738102 -129.066483 -0.026049 0.997356 0.067841 -5.745368 0.738362 0.064945 -0.671270 110.009071
-0.674347 0.032435 -0.737702 -129.689651 -0.027912 0.997201 0.069359 -5.690198 0.737887 0.067362 -0.671554 109.430550
-0.675308 0.031980 -0.736842 -130.321350 -0.029374 0.997101 0.070196 -5.634603 0.736951 0.069047 -0.672411 108.851601
-0.676192 0.030977 -0.736074 -130.962662 -0.030308 0.997100 0.069804 -5.584292 0.736102 0.069510 -0.673292 108.266754
-0.676883 0.029201 -0.735511 -131.601715 -0.030441 0.997248 0.067606 -5.533362 0.735461 0.068151 -0.674131 107.678749
-0.677220 0.028023 -0.735247 -132.260941 -0.030211 0.997373 0.065840 -5.476912 0.735160 0.066801 -0.674594 107.074982
-0.677611 0.028087 -0.734884 -132.925278 -0.029308 0.997445 0.065146 -5.424828 0.734837 0.065682 -0.675056 106.469452
-0.678420 0.028464 -0.734123 -133.603897 -0.027679 0.997549 0.064257 -5.378626 0.734153 0.063913 -0.675970 105.851509
-0.679628 0.026497 -0.733078 -134.279221 -0.027530 0.997722 0.061585 -5.327973 0.733040 0.062037 -0.677351 105.224289
-0.680664 0.023426 -0.732221 -134.966324 -0.027531 0.997965 0.057520 -5.285939 0.732078 0.059311 -0.678634 104.591904
-0.681785 0.018823 -0.731310 -135.658020 -0.030312 0.998084 0.053949 -5.243750 0.730924 0.058949 -0.679908 103.938454
-0.681949 0.016147 -0.731222 -136.360779 -0.032857 0.998071 0.052683 -5.200093 0.730662 0.059952 -0.680102 103.274765
-0.681963 0.015235 -0.731228 -137.074219 -0.035320 0.997931 0.053732 -5.159783 0.730534 0.062471 -0.680013 102.590218
-0.681606 0.016487 -0.731534 -137.795624 -0.035736 0.997803 0.055785 -5.126210 0.730846 0.064165 -0.679519 101.912766
-0.681633 0.018388 -0.731463 -138.524994 -0.034876 0.997731 0.057581 -5.088484 0.730862 0.064760 -0.679446 101.237953
-0.681303 0.019836 -0.731733 -139.249619 -0.034315 0.997668 0.058995 -5.050731 0.731197 0.065303 -0.679034 100.562988
-0.680815 0.020474 -0.732169 -139.986877 -0.034158 0.997634 0.059659 -5.011190 0.731658 0.065627 -0.678505 99.884537
-0.680740 0.020368 -0.732242 -140.715881 -0.034374 0.997624 0.059706 -4.971937 0.731718 0.065814 -0.678423 99.195503
-0.681346 0.019027 -0.731714 -141.440369 -0.036256 0.997558 0.059701 -4.927961 0.731063 0.067206 -0.678992 98.504501
-0.681516 0.019197 -0.731552 -142.171158 -0.036763 0.997496 0.060424 -4.884065 0.730879 0.068075 -0.679103 97.821434
-0.681750 0.019690 -0.731320 -142.898773 -0.037276 0.997404 0.061604 -4.840296 0.730635 0.069260 -0.679246 97.131615
-0.682027 0.019712 -0.731061 -143.619629 -0.037821 0.997348 0.062176 -4.797910 0.730348 0.070055 -0.679473 96.446419
-0.682612 0.018890 -0.730537 -144.337677 -0.038634 0.997335 0.061888 -4.758164 0.729759 0.070469 -0.680063 95.760269
-0.683202 0.017906 -0.730010 -145.055222 -0.039003 0.997378 0.060966 -4.717374 0.729187 0.070125 -0.680712 95.083588
-0.684276 0.017650 -0.729010 -145.769348 -0.038752 0.997414 0.060522 -4.679222 0.728193 0.069664 -0.681822 94.405998
-0.685577 0.017559 -0.727788 -146.483887 -0.038737 0.997413 0.060555 -4.640673 0.726969 0.069708 -0.683123 93.727562
-0.686497 0.017083 -0.726932 -147.193848 -0.038925 0.997427 0.060200 -4.605501 0.726090 0.069623 -0.684066 93.052414
-0.687268 0.016764 -0.726211 -147.903763 -0.038753 0.997464 0.059700 -4.571618 0.725370 0.069173 -0.684875 92.381020
-0.687805 0.015534 -0.725729 -148.610733 -0.039558 0.997483 0.058842 -4.537506 0.724817 0.069180 -0.685459 91.702309
-0.688328 0.015284 -0.725239 -149.320099 -0.039497 0.997505 0.058509 -4.498551 0.724324 0.068918 -0.686007 91.028801
-0.689093 0.013406 -0.724549 -150.031845 -0.042631 0.997347 0.058999 -4.464775 0.723418 0.071544 -0.686693 90.346893
-0.689240 0.012401 -0.724427 -150.741898 -0.043445 0.997347 0.058408 -4.427015 0.723229 0.071730 -0.686873 89.670723
-0.689529 0.011683 -0.724164 -151.450821 -0.043132 0.997433 0.057161 -4.391171 0.722973 0.070649 -0.687255 88.999458
-0.688692 0.010464 -0.724978 -152.152588 -0.043266 0.997521 0.055498 -4.363037 0.723762 0.069588 -0.686532 88.328575
-0.687453 0.011452 -0.726139 -152.853592 -0.041725 0.997601 0.055236 -4.331839 0.725030 0.068271 -0.685326 87.662628
-0.686666 0.013200 -0.726853 -153.562485 -0.040447 0.997593 0.056327 -4.302649 0.725847 0.068077 -0.684479 86.997398
-0.685424 0.017214 -0.727941 -154.275314 -0.038486 0.997467 0.059825 -4.262278 0.727127 0.069021 -0.683025 86.326126
-0.685380 0.022656 -0.727833 -154.995560 -0.036586 0.997182 0.065493 -4.223373 0.727266 0.071516 -0.682620 85.658806
-0.685276 0.024376 -0.727876 -155.707123 -0.035258 0.997157 0.066588 -4.184252 0.727430 0.071295 -0.682468 84.987961
-0.685072 0.022494 -0.728128 -156.406235 -0.033667 0.997478 0.062491 -4.148647 0.727697 0.067325 -0.682587 84.326248
-0.685512 0.019727 -0.727794 -157.106552 -0.033324 0.997735 0.058432 -4.113516 0.727299 0.064308 -0.683302 83.662643
-0.685732 0.019409 -0.727596 -157.819626 -0.033249 0.997766 0.057952 -4.079579 0.727095 0.063931 -0.683554 82.988190
-0.685794 0.020637 -0.727503 -158.523193 -0.033913 0.997606 0.060268 -4.043797 0.727005 0.066003 -0.683452 82.313423
-0.686116 0.022180 -0.727154 -159.226547 -0.032973 0.997560 0.061540 -4.010004 0.726745 0.066200 -0.683710 81.649834
-0.687164 0.021947 -0.726171 -159.926254 -0.031851 0.997672 0.060292 -3.980042 0.725804 0.064560 -0.684865 80.990433
-0.687710 0.021404 -0.725670 -160.622528 -0.030889 0.997797 0.058704 -3.952963 0.725328 0.062786 -0.685534 80.327568
-0.688146 0.022414 -0.725226 -161.318146 -0.030013 0.997788 0.059316 -3.923705 0.724951 0.062585 -0.685951 79.657570
-0.688655 0.024983 -0.724659 -162.012955 -0.029024 0.997656 0.061976 -3.891683 0.724508 0.063713 -0.686315 78.998116
-0.688914 0.027401 -0.724325 -162.706116 -0.027588 0.997570 0.063977 -3.857559 0.724318 0.064057 -0.686484 78.336594
-0.688942 0.028544 -0.724254 -163.391006 -0.026097 0.997600 0.064141 -3.820503 0.724347 0.063091 -0.686543 77.676285
-0.689332 0.027705 -0.723916 -164.071701 -0.025901 0.997687 0.062846 -3.782807 0.723983 0.062072 -0.687020 77.025116
-0.689543 0.026243 -0.723770 -164.746689 -0.026675 0.997745 0.061590 -3.741533 0.723754 0.061776 -0.687288 76.373070
-0.689811 0.024157 -0.723586 -165.431595 -0.028337 0.997777 0.060325 -3.703979 0.723435 0.062117 -0.687593 75.710236
-0.689479 0.021666 -0.723982 -166.115372 -0.031543 0.997706 0.059897 -3.665853 0.723619 0.064134 -0.687214 75.041885
-0.688897 0.020380 -0.724572 -166.793320 -0.033019 0.997685 0.059455 -3.626836 0.724106 0.064883 -0.686629 74.380898
-0.688402 0.019576 -0.725065 -167.475311 -0.034378 0.997632 0.059574 -3.594479 0.724514 0.065937 -0.686098 73.717377
-0.687636 0.018790 -0.725812 -168.153946 -0.035324 0.997616 0.059292 -3.556573 0.725195 0.066410 -0.685333 73.069153
-0.686775 0.018479 -0.726635 -168.825256 -0.035654 0.997617 0.059068 -3.519897 0.725995 0.066474 -0.684479 72.426834
-0.686466 0.017136 -0.726960 -169.504684 -0.036349 0.997664 0.057841 -3.488543 0.726253 0.066130 -0.684239 71.782722
-0.685492 0.015726 -0.727910 -170.186050 -0.036994 0.997723 0.056394 -3.453095 0.727140 0.065586 -0.683349 71.140366
-0.685096 0.015258 -0.728293 -170.862411 -0.037102 0.997752 0.055805 -3.409519 0.727508 0.065253 -0.682989 70.499069
-0.684227 0.017282 -0.729064 -171.539597 -0.035044 0.997785 0.056540 -3.368057 0.728427 0.064236 -0.682106 69.870117
-0.683966 0.017190 -0.729311 -172.215683 -0.035397 0.997763 0.056714 -3.339669 0.728654 0.064606 -0.681828 69.235954
-0.683837 0.015038 -0.729480 -172.880386 -0.036525 0.997829 0.054810 -3.311351 0.728720 0.064125 -0.681803 68.607231
-0.683522 0.013078 -0.729812 -173.538574 -0.035338 0.998074 0.050981 -3.277856 0.729074 0.060637 -0.681744 67.987251
-0.682660 0.011291 -0.730649 -174.194641 -0.035961 0.998150 0.049023 -3.251155 0.729851 0.059741 -0.680991 67.364815
-0.681735 0.010379 -0.731526 -174.856949 -0.038117 0.998037 0.049683 -3.226422 0.730606 0.061754 -0.680001 66.725990
-0.680868 0.010293 -0.732334 -175.519745 -0.038914 0.997981 0.050205 -3.198454 0.731372 0.062681 -0.679092 66.102089
-0.680713 0.010228 -0.732479 -176.162323 -0.039087 0.997971 0.050260 -3.178548 0.731507 0.062843 -0.678932 65.498177
-0.680699 0.010337 -0.732490 -176.795242 -0.038366 0.998025 0.049738 -3.156446 0.731558 0.061959 -0.678958 64.907234
-0.680361 0.010331 -0.732804 -177.415314 -0.037994 0.998059 0.049345 -3.141721 0.731892 0.061414 -0.678648 64.328751
-0.680193 0.010276 -0.732961 -178.028137 -0.037772 0.998082 0.049046 -3.129854 0.732059 0.061046 -0.678501 63.762451
-0.680242 0.009918 -0.732920 -178.632843 -0.037900 0.998095 0.048683 -3.115312 0.732007 0.060894 -0.678571 63.194702
-0.680485 0.009594 -0.732700 -179.233353 -0.038027 0.998105 0.048387 -3.100079 0.731775 0.060789 -0.678830 62.629967
-0.680266 0.010536 -0.732890 -179.823532 -0.037128 0.998118 0.048811 -3.083113 0.732024 0.060415 -0.678594 62.074306
-0.679829 0.011781 -0.733276 -180.420166 -0.036730 0.998069 0.050088 -3.070969 0.732450 0.060985 -0.678084 61.520996
-0.679538 0.013545 -0.733515 -181.006775 -0.035715 0.998033 0.051517 -3.054787 0.732770 0.061205 -0.677718 60.976826
-0.678728 0.015467 -0.734227 -181.593155 -0.034176 0.998030 0.052617 -3.039779 0.733594 0.060805 -0.676862 60.443844
-0.678933 0.017392 -0.733994 -182.158020 -0.032122 0.998058 0.053362 -3.018613 0.733497 0.059807 -0.677056 59.924950
-0.679017 0.019392 -0.733867 -182.730988 -0.029830 0.998097 0.053974 -3.001005 0.733516 0.058541 -0.677146 59.405991
-0.679255 0.020300 -0.733621 -183.269882 -0.028796 0.998110 0.054281 -2.984214 0.733337 0.057996 -0.677387 58.906311
-0.679749 0.020779 -0.733151 -183.795258 -0.028470 0.998098 0.054684 -2.965587 0.732892 0.058044 -0.677864 58.415298
-0.679991 0.021402 -0.732908 -184.316696 -0.027230 0.998147 0.054411 -2.944246 0.732715 0.056956 -0.678148 57.939468
-0.681177 0.021637 -0.731799 -184.828888 -0.025236 0.998275 0.053006 -2.919022 0.731683 0.054574 -0.679457 57.471684
-0.683665 0.022142 -0.729460 -185.328873 -0.022918 0.998395 0.051785 -2.899253 0.729436 0.052121 -0.682061 57.019928
-0.687848 0.023526 -0.725474 -185.821869 -0.020092 0.998474 0.051429 -2.877934 0.725577 0.049952 -0.686326 56.561695
-0.693783 0.024296 -0.719774 -186.300964 -0.018300 0.998513 0.051345 -2.858178 0.719952 0.048794 -0.692307 56.114063
-0.700878 0.025563 -0.712823 -186.768555 -0.016168 0.998531 0.051706 -2.837117 0.713098 0.047764 -0.699436 55.680195
-0.709297 0.026469 -0.704413 -187.219986 -0.014611 0.998528 0.052232 -2.820366 0.704759 0.047341 -0.707866 55.242374
-0.719518 0.027742 -0.693920 -187.668472 -0.012229 0.998541 0.052601 -2.798739 0.694366 0.046334 -0.718128 54.797623
-0.731826 0.029385 -0.680858 -188.104218 -0.008708 0.998585 0.052457 -2.776249 0.681436 0.044318 -0.730535 54.353031
-0.745231 0.031107 -0.666080 -188.521561 -0.005524 0.998589 0.052816 -2.758188 0.666784 0.043039 -0.744008 53.915070
-0.760639 0.030878 -0.648440 -188.915253 -0.005019 0.998559 0.053438 -2.739846 0.649155 0.043901 -0.759388 53.465683
-0.778030 0.029133 -0.627551 -189.288956 -0.006949 0.998464 0.054967 -2.728165 0.628189 0.047127 -0.776632 52.998890
-0.796268 0.026953 -0.604344 -189.630661 -0.009279 0.998345 0.056752 -2.710923 0.604873 0.050797 -0.794700 52.533306
-0.815435 0.024402 -0.578333 -189.954300 -0.011308 0.998249 0.058065 -2.696548 0.578738 0.053888 -0.813731 52.063499
-0.835829 0.022161 -0.548543 -190.261810 -0.012723 0.998135 0.059710 -2.677954 0.548843 0.056886 -0.833987 51.589016
-0.856938 0.022424 -0.514931 -190.552704 -0.011004 0.998029 0.061775 -2.658609 0.515301 0.058604 -0.855003 51.113693
-0.878614 0.018168 -0.477186 -190.803558 -0.013882 0.997882 0.063552 -2.650959 0.477330 0.062462 -0.876501 50.631454
-0.899662 0.010609 -0.436458 -191.018326 -0.019120 0.997788 0.063664 -2.645621 0.436168 0.065621 -0.897469 50.155510
-0.918759 -0.000816 -0.394818 -191.188187 -0.027764 0.997656 0.062546 -2.629720 0.393841 0.068427 -0.916628 49.674404
-0.936026 -0.010129 -0.351784 -191.336533 -0.033836 0.997545 0.061306 -2.607590 0.350300 0.069287 -0.934071 49.199306
-0.951620 -0.017408 -0.306783 -191.464127 -0.037300 0.997555 0.059096 -2.589635 0.305004 0.067680 -0.949943 48.725689
-0.965484 -0.020195 -0.259676 -191.583862 -0.036631 0.997608 0.058614 -2.562337 0.257872 0.066104 -0.963915 48.249008
-0.977199 -0.022452 -0.211135 -191.672516 -0.035966 0.997527 0.060382 -2.539292 0.209257 0.066599 -0.975590 47.769485
-0.986430 -0.023947 -0.162426 -191.735641 -0.034635 0.997394 0.063292 -2.520427 0.160487 0.068059 -0.984689 47.288769
-0.993077 -0.031938 -0.113045 -191.764236 -0.039885 0.996836 0.068758 -2.514380 0.110491 0.072790 -0.991208 46.801483
-0.997112 -0.041754 -0.063435 -191.754562 -0.046509 0.996066 0.075432 -2.490428 0.060036 0.078164 -0.995131 46.313736
-0.998933 -0.044493 -0.012387 -191.740921 -0.045341 0.995792 0.079635 -2.440450 0.008792 0.080112 -0.996747 45.831394
-0.998365 -0.041222 0.039598 -191.739761 -0.037933 0.996032 0.080502 -2.402765 -0.042759 0.078869 -0.995968 45.364090
-0.995162 -0.035974 0.091430 -191.717667 -0.028673 0.996387 0.079949 -2.383815 -0.093976 0.076940 -0.992597 44.900963
-0.989251 -0.033483 0.142343 -191.666534 -0.022380 0.996631 0.078902 -2.357180 -0.144506 0.074868 -0.986668 44.456429
-0.980863 -0.033394 0.191814 -191.578262 -0.018611 0.996752 0.078357 -2.340094 -0.193808 0.073288 -0.978298 44.021206
-0.969989 -0.034138 0.240740 -191.473755 -0.016015 0.996915 0.076839 -2.317169 -0.242620 0.070678 -0.967543 43.592026
-0.956422 -0.033696 0.290036 -191.339050 -0.012228 0.997070 0.075515 -2.281052 -0.291731 0.068678 -0.954032 43.168350
-0.940613 -0.029483 0.338199 -191.185532 -0.004283 0.997173 0.075018 -2.241942 -0.339454 0.069115 -0.938080 42.744587
-0.923336 -0.028536 0.382931 -191.007980 0.000323 0.997177 0.075090 -2.229852 -0.383993 0.069457 -0.920720 42.314590
-0.905077 -0.033839 0.423899 -190.776031 -0.001115 0.997014 0.077209 -2.210217 -0.425246 0.069408 -0.902413 41.895256
-0.886453 -0.037114 0.461329 -190.528030 0.000531 0.996697 0.081206 -2.176064 -0.462819 0.072230 -0.883505 41.477962
-0.868355 -0.037281 0.494540 -190.281082 0.005313 0.996414 0.084443 -2.141936 -0.495915 0.075954 -0.865043 41.063923
-0.851342 -0.035989 0.523376 -190.035065 0.011080 0.996188 0.086524 -2.114164 -0.524495 0.079461 -0.847698 40.645603
-0.835533 -0.036769 0.548209 -189.768570 0.013560 0.996074 0.087474 -2.092827 -0.549273 0.080522 -0.831754 40.247288
-0.821125 -0.037874 0.569490 -189.480896 0.014826 0.996044 0.087618 -2.058903 -0.570556 0.080389 -0.817315 39.853527
-0.808634 -0.038893 0.587025 -189.190048 0.015407 0.996070 0.087218 -2.029162 -0.588111 0.079572 -0.804857 39.458630
-0.798504 -0.039271 0.600707 -188.887390 0.016060 0.996125 0.086468 -1.998691 -0.601775 0.078693 -0.794779 39.065029
-0.790330 -0.039289 0.611421 -188.569824 0.016809 0.996176 0.085741 -1.969898 -0.612451 0.078041 -0.786647 38.667374
-0.783547 -0.039376 0.620084 -188.246811 0.016862 0.996275 0.084571 -1.938643 -0.621104 0.076722 -0.779964 38.272541
-0.778374 -0.038938 0.626593 -187.916245 0.016827 0.996422 0.082824 -1.907127 -0.627576 0.075012 -0.774934 37.870831
-0.774056 -0.037415 0.632011 -187.573135 0.018190 0.996526 0.081272 -1.873394 -0.632856 0.074405 -0.770686 37.458679
-0.770987 -0.035466 0.635862 -187.228714 0.020474 0.996552 0.080409 -1.838055 -0.636522 0.075013 -0.767602 37.037365
-0.768339 -0.033378 0.639172 -186.873001 0.023348 0.996513 0.080105 -1.809047 -0.639617 0.076471 -0.764880 36.601017
-0.766079 -0.032598 0.641920 -186.494293 0.023872 0.996581 0.079098 -1.782874 -0.642303 0.075919 -0.762681 36.160984
-0.764456 -0.033374 0.643812 -186.103516 0.022438 0.996677 0.078308 -1.756884 -0.644286 0.074309 -0.761166 35.729122
-0.763447 -0.033705 0.644991 -185.703491 0.022017 0.996699 0.078145 -1.717995 -0.645495 0.073860 -0.760185 35.283989
-0.763313 -0.032317 0.645220 -185.303116 0.024325 0.996602 0.078694 -1.679152 -0.645570 0.075763 -0.759933 34.819633
-0.763728 -0.029339 0.644871 -184.903809 0.028069 0.996513 0.078580 -1.643471 -0.644928 0.078114 -0.760241 34.344109
-0.764411 -0.028507 0.644099 -184.486115 0.028358 0.996569 0.077762 -1.615996 -0.644105 0.077707 -0.760979 33.867313
-0.764510 -0.027515 0.644024 -184.056625 0.026383 0.996916 0.073911 -1.583590 -0.644072 0.073497 -0.761426 33.381783
-0.764920 -0.024839 0.643646 -183.630569 0.024255 0.997437 0.067318 -1.546713 -0.643668 0.067104 -0.762357 32.889240
-0.765207 -0.023810 0.643344 -183.198608 0.022013 0.997764 0.063109 -1.516258 -0.643408 0.062453 -0.762972 32.387016
-0.765509 -0.023564 0.642994 -182.751938 0.022170 0.997770 0.062960 -1.488493 -0.643044 0.062451 -0.763279 31.852999
-0.765453 -0.025168 0.642999 -182.288757 0.021770 0.997650 0.064965 -1.459664 -0.643123 0.063726 -0.763106 31.310896
-0.765442 -0.028261 0.642884 -181.814270 0.019467 0.997561 0.067030 -1.431477 -0.643211 0.063822 -0.763025 30.760817
-0.764863 -0.030337 0.643478 -181.332825 0.017370 0.997556 0.067678 -1.398981 -0.643958 0.062941 -0.762467 30.195787
-0.764255 -0.030650 0.644186 -180.845657 0.017969 0.997470 0.068778 -1.371091 -0.644664 0.064139 -0.761771 29.613276
-0.763725 -0.033378 0.644678 -180.336334 0.016793 0.997297 0.071528 -1.329065 -0.645323 0.065454 -0.761101 29.010014
-0.763563 -0.035722 0.644745 -179.810501 0.016407 0.997073 0.074674 -1.283933 -0.645525 0.067596 -0.760742 28.387711
-0.763191 -0.037984 0.645055 -179.267197 0.014799 0.996981 0.076217 -1.239367 -0.646003 0.067714 -0.760326 27.763178
-0.762739 -0.038452 0.645562 -178.721313 0.012646 0.997153 0.074335 -1.194293 -0.646582 0.064862 -0.760082 27.134920
-0.761684 -0.036474 0.646921 -178.180389 0.012926 0.997360 0.071452 -1.142567 -0.647819 0.062786 -0.759202 26.490458
-0.761308 -0.035727 0.647406 -177.620972 0.014802 0.997263 0.072440 -1.093546 -0.648222 0.064732 -0.758695 25.837492
-0.761402 -0.037374 0.647202 -177.052002 0.016210 0.996927 0.076640 -1.041655 -0.648077 0.068845 -0.758457 25.169859
-0.761240 -0.035484 0.647499 -176.489685 0.020061 0.996735 0.078207 -0.990541 -0.648160 0.072524 -0.758043 24.486931
-0.760813 -0.033474 0.648107 -175.914871 0.022196 0.996742 0.077536 -0.938562 -0.648591 0.073376 -0.757592 23.805281
-0.760877 -0.026547 0.648353 -175.337875 0.028790 0.996798 0.074602 -0.884439 -0.648257 0.075429 -0.757676 23.118809
-0.760472 -0.021672 0.649009 -174.754730 0.031942 0.996985 0.070720 -0.826691 -0.648584 0.074512 -0.757487 22.421432
-0.760200 -0.019560 0.649395 -174.160736 0.032840 0.997112 0.068477 -0.781140 -0.648859 0.073382 -0.757362 21.725626
-0.760517 -0.019476 0.649026 -173.546371 0.032640 0.997140 0.068170 -0.736869 -0.648498 0.073028 -0.757706 21.017328
-0.760628 -0.021805 0.648822 -172.920532 0.031052 0.997070 0.069911 -0.688036 -0.648445 0.073323 -0.757722 20.302788
-0.760843 -0.024976 0.648456 -172.299347 0.029346 0.996913 0.072829 -0.640461 -0.648272 0.074441 -0.757761 19.588949
-0.761164 -0.024978 0.648078 -171.687653 0.031084 0.996705 0.074923 -0.591197 -0.647814 0.077174 -0.757880 18.870701
-0.761403 -0.023861 0.647840 -171.082489 0.033532 0.996535 0.076113 -0.537421 -0.647411 0.079676 -0.757965 18.152380
-0.761878 -0.021456 0.647365 -170.481354 0.037512 0.996312 0.077168 -0.489421 -0.646633 0.083076 -0.758264 17.429916
-0.761673 -0.021565 0.647603 -169.874649 0.039910 0.995987 0.080106 -0.441883 -0.646732 0.086860 -0.757756 16.702837
-0.761917 -0.023667 0.647242 -169.266083 0.041124 0.995548 0.084813 -0.381832 -0.646367 0.091238 -0.757552 15.984575
-0.762070 -0.025342 0.646999 -168.652420 0.042680 0.995095 0.089248 -0.316417 -0.646087 0.095627 -0.757250 15.261605
-0.762514 -0.023775 0.646535 -168.042816 0.043844 0.995128 0.088303 -0.257809 -0.645485 0.095679 -0.757757 14.554040
-0.762756 -0.019539 0.646391 -167.438889 0.043291 0.995759 0.081184 -0.199191 -0.645236 0.089907 -0.758675 13.859743
-0.763376 -0.014204 0.645799 -166.842834 0.043271 0.996388 0.073065 -0.142570 -0.644504 0.083721 -0.760004 13.170040
-0.763872 -0.012134 0.645254 -166.240219 0.042974 0.996648 0.069616 -0.088582 -0.643935 0.080907 -0.760790 12.469077
-0.764584 -0.013126 0.644391 -165.636917 0.043061 0.996518 0.071392 -0.041285 -0.643084 0.082333 -0.761356 11.760262
-0.764984 -0.014777 0.643880 -165.041412 0.043060 0.996326 0.074025 0.007170 -0.642608 0.084354 -0.761537 11.056751
-0.765461 -0.015611 0.643293 -164.448166 0.042625 0.996280 0.074896 0.055145 -0.642069 0.084750 -0.761948 10.362088
-0.767249 -0.017471 0.641111 -163.850418 0.040074 0.996370 0.075111 0.106656 -0.640096 0.083321 -0.763764 9.670031
-0.770750 -0.019473 0.636841 -163.246872 0.037033 0.996474 0.075290 0.160869 -0.636061 0.081614 -0.767311 8.981674
-0.776253 -0.020118 0.630100 -162.665558 0.035403 0.996522 0.075432 0.212591 -0.629426 0.080862 -0.772842 8.293918
-0.783239 -0.019056 0.621428 -162.095627 0.035212 0.996566 0.074941 0.261901 -0.620723 0.080578 -0.779878 7.601522
-0.791939 -0.018545 0.610318 -161.544052 0.035198 0.996490 0.075951 0.312585 -0.609585 0.081630 -0.788507 6.903763
-0.801643 -0.017925 0.597535 -161.003708 0.036617 0.996201 0.079009 0.363360 -0.596681 0.085217 -0.797941 6.198050
-0.813056 -0.017521 0.581922 -160.479279 0.037621 0.995877 0.082548 0.411235 -0.580969 0.089009 -0.809044 5.490699
-0.826245 -0.014688 0.563119 -159.973633 0.039646 0.995665 0.084142 0.463351 -0.561914 0.091848 -0.822081 4.775114
-0.841345 -0.011170 0.540382 -159.500229 0.041554 0.995490 0.085276 0.515689 -0.538898 0.094201 -0.837087 4.051096
-0.857413 -0.008446 0.514560 -159.038177 0.042212 0.995342 0.086675 0.578678 -0.512895 0.096037 -0.853062 3.308272
-0.873146 -0.005557 0.487428 -158.589310 0.042876 0.995184 0.088151 0.629004 -0.485570 0.097867 -0.868702 2.546313
-0.888444 -0.001040 0.458983 -158.181030 0.043930 0.995214 0.087290 0.690115 -0.456877 0.097715 -0.884147 1.777370
-0.902590 0.004258 0.430479 -157.809860 0.043104 0.995820 0.080526 0.738802 -0.428337 0.091237 -0.899001 1.021512
-0.916265 0.009405 0.400463 -157.459961 0.042031 0.996463 0.072766 0.786893 -0.398362 0.083505 -0.913419 0.258853
-0.928965 0.009184 0.370053 -157.122223 0.036830 0.997025 0.067714 0.825823 -0.368330 0.076533 -0.926540 -0.515503
-0.940426 0.006059 0.339943 -156.796448 0.030981 0.997209 0.067932 0.870076 -0.338583 0.074417 -0.937989 -1.305909
-0.949882 0.004059 0.312581 -156.498428 0.026808 0.997290 0.068515 0.911006 -0.311456 0.073461 -0.947417 -2.117963
-0.957543 0.005362 0.288242 -156.231705 0.025906 0.997382 0.067506 0.951603 -0.287125 0.072107 -0.955175 -2.936420
-0.963713 0.008718 0.266800 -155.980148 0.027397 0.997419 0.066372 0.994677 -0.265532 0.071273 -0.961464 -3.765381
-0.968657 0.006782 0.248308 -155.743790 0.024478 0.997368 0.068250 1.029610 -0.247192 0.072189 -0.966274 -4.609944
-0.973116 0.005060 0.230258 -155.521133 0.022468 0.997076 0.073044 1.081203 -0.229215 0.076253 -0.970384 -5.470777
-0.977148 0.005591 0.212486 -155.315399 0.022014 0.996940 0.075001 1.132747 -0.211417 0.077965 -0.974281 -6.335837
-0.980509 0.006297 0.196374 -155.134155 0.021298 0.997003 0.074372 1.186552 -0.195318 0.077104 -0.977704 -7.206234
-0.983350 0.006150 0.181617 -154.953079 0.019344 0.997291 0.070964 1.232621 -0.180689 0.073295 -0.980806 -8.081220
-0.985630 0.008400 0.168709 -154.799789 0.020229 0.997445 0.068519 1.280773 -0.167702 0.070947 -0.983281 -8.965635
-0.987131 0.012011 0.159461 -154.663269 0.023771 0.997118 0.072049 1.335689 -0.158136 0.074912 -0.984572 -9.880510
-0.988013 0.017387 0.153388 -154.534988 0.030123 0.996251 0.081100 1.385444 -0.151403 0.084748 -0.984832 -10.823289
-0.988387 0.020294 0.150598 -154.399841 0.033988 0.995458 0.088925 1.452333 -0.148110 0.093011 -0.984588 -11.761583
-0.988561 0.020417 0.149431 -154.260941 0.034113 0.995387 0.089677 1.518100 -0.146911 0.093749 -0.984697 -12.700492
-0.988706 0.018477 0.148724 -154.114365 0.031658 0.995727 0.086750 1.587649 -0.146486 0.090478 -0.985066 -13.636160
-0.988786 0.014642 0.148621 -153.958786 0.027235 0.996173 0.083052 1.651290 -0.146837 0.086169 -0.985400 -14.581780
-0.988916 0.008076 0.148258 -153.792252 0.020270 0.996514 0.080926 1.716795 -0.147088 0.083034 -0.985632 -15.540978
-0.988896 0.003380 0.148571 -153.629135 0.015485 0.996642 0.080399 1.781350 -0.147800 0.081807 -0.985628 -16.516411
-0.988803 0.002023 0.149215 -153.467712 0.014310 0.996585 0.081320 1.850219 -0.148541 0.082545 -0.985455 -17.506466
-0.988626 0.001640 0.150384 -153.312958 0.014124 0.996533 0.081985 1.913829 -0.149728 0.083177 -0.985222 -18.504776
-0.988352 0.001632 0.152179 -153.150497 0.014291 0.996519 0.082130 1.979627 -0.151516 0.083348 -0.984935 -19.510424
-0.988063 0.000458 0.154049 -152.987640 0.013060 0.996644 0.080807 2.039448 -0.153495 0.081854 -0.984753 -20.520639
-0.987831 -0.001181 0.155526 -152.820816 0.011301 0.996783 0.079347 2.102868 -0.155119 0.080139 -0.984640 -21.537634
-0.987607 -0.003259 0.156910 -152.652802 0.009002 0.996962 0.077371 2.161439 -0.156686 0.077825 -0.984578 -22.560076
-0.987545 -0.005600 0.157238 -152.476334 0.006481 0.997070 0.076217 2.222563 -0.157205 0.076287 -0.984615 -23.597004
-0.987701 -0.007706 0.156166 -152.305496 0.004252 0.997092 0.076094 2.279726 -0.156298 0.075822 -0.984795 -24.639004
-0.987856 -0.008114 0.155160 -152.132965 0.003824 0.997063 0.076488 2.341156 -0.155325 0.076152 -0.984924 -25.687918
-0.988010 -0.008090 0.154175 -151.959564 0.003823 0.997038 0.076813 2.398037 -0.154340 0.076481 -0.985053 -26.733248
-0.988209 -0.008694 0.152861 -151.788925 0.003141 0.997025 0.077010 2.452868 -0.153076 0.076583 -0.985243 -27.806736
-0.988376 -0.008482 0.151793 -151.617126 0.003450 0.996934 0.078166 2.509189 -0.151991 0.077781 -0.985317 -28.872143
-0.988473 -0.008751 0.151146 -151.445435 0.003331 0.996830 0.079494 2.564235 -0.151362 0.079081 -0.985310 -29.931805
-0.988588 -0.008004 0.150432 -151.275726 0.004128 0.996774 0.080158 2.616793 -0.150588 0.079864 -0.985365 -30.985813
-0.988676 -0.005526 0.149967 -151.109879 0.006391 0.996865 0.078869 2.664783 -0.149933 0.078934 -0.985540 -32.031006
-0.988653 -0.002202 0.150201 -150.952911 0.009382 0.997035 0.076372 2.710393 -0.149923 0.076915 -0.985701 -33.061668
-0.988641 -0.002420 0.150277 -150.782471 0.008999 0.997123 0.075258 2.755992 -0.150027 0.075756 -0.985775 -34.102940
-0.988737 -0.003004 0.149634 -150.613831 0.008376 0.997121 0.075362 2.805784 -0.149430 0.075766 -0.985865 -35.152393
-0.988865 -0.004855 0.148735 -150.442993 0.006614 0.997046 0.076518 2.847456 -0.148668 0.076650 -0.985912 -36.203014
-0.989200 -0.007172 0.146395 -150.274048 0.004339 0.996931 0.078161 2.901685 -0.146506 0.077952 -0.986134 -37.242336
-0.989567 -0.006388 0.143929 -150.116196 0.005000 0.996892 0.078624 2.949318 -0.143984 0.078524 -0.986460 -38.290653
-0.989932 -0.005613 0.141433 -149.966400 0.005452 0.996960 0.077725 2.998461 -0.141440 0.077714 -0.986892 -39.309391
-0.990328 -0.004858 0.138660 -149.812256 0.005875 0.997023 0.076886 3.042387 -0.138621 0.076957 -0.987351 -40.340385
-0.990738 -0.005611 0.135670 -149.657181 0.004984 0.996970 0.077631 3.094908 -0.135694 0.077589 -0.987708 -41.380768
-0.991086 -0.003696 0.133169 -149.512985 0.006874 0.996865 0.078824 3.136562 -0.133043 0.079037 -0.987954 -42.407940
-0.991271 -0.001101 0.131835 -149.373245 0.009504 0.996767 0.079787 3.184294 -0.131497 0.080344 -0.988055 -43.443584
-0.991502 -0.000441 0.130092 -149.227097 0.010068 0.996735 0.080108 3.236262 -0.129703 0.080737 -0.988261 -44.473160
-0.991702 0.001013 0.128552 -149.088364 0.011367 0.996743 0.079837 3.288380 -0.128052 0.080635 -0.988484 -45.507946
-0.991854 0.002749 0.127349 -148.945984 0.012893 0.996800 0.078895 3.339120 -0.126724 0.079894 -0.988715 -46.541256
-0.991996 0.004227 0.126196 -148.804993 0.014264 0.996793 0.078739 3.394466 -0.125459 0.079908 -0.988876 -47.598881
-0.992046 0.004182 0.125809 -148.660049 0.014212 0.996779 0.078928 3.450103 -0.125074 0.080088 -0.988910 -48.660065
-0.992087 0.004976 0.125452 -148.529343 0.014745 0.996917 0.077063 3.497663 -0.124682 0.078303 -0.989102 -49.675198
-0.992050 0.006903 0.125656 -148.404999 0.016274 0.997148 0.073702 3.534840 -0.124789 0.075161 -0.989332 -50.666237
-0.992075 0.008666 0.125344 -148.279739 0.017658 0.997334 0.070805 3.573612 -0.124396 0.072458 -0.989583 -51.634575
-0.992020 0.010077 0.125677 -148.156418 0.018913 0.997416 0.069309 3.614557 -0.124654 0.071133 -0.989647 -52.604370
-0.991950 0.011663 0.126092 -148.035538 0.020577 0.997361 0.069627 3.651654 -0.124948 0.071661 -0.989572 -53.587269
-0.991802 0.012820 0.127138 -147.909760 0.021867 0.997306 0.070016 3.685740 -0.125898 0.072223 -0.989411 -54.564976
-0.991736 0.013016 0.127633 -147.785431 0.022135 0.997281 0.070296 3.724206 -0.126371 0.072540 -0.989327 -55.555969
-0.991662 0.013396 0.128164 -147.660141 0.022563 0.997268 0.070336 3.761361 -0.126872 0.072642 -0.989256 -56.540096
-0.991535 0.013434 0.129142 -147.528137 0.022739 0.997228 0.070846 3.798269 -0.127832 0.073182 -0.989092 -57.527939
-0.991408 0.012888 0.130170 -147.394272 0.022247 0.997249 0.070705 3.834284 -0.128901 0.072993 -0.988967 -58.516293
-0.991357 0.011712 0.130669 -147.259399 0.020952 0.997357 0.069564 3.876412 -0.129509 0.071701 -0.988982 -59.494339
-0.991104 0.014711 0.132271 -147.134918 0.023929 0.997373 0.068378 3.911051 -0.130918 0.070934 -0.988852 -60.466373
-0.990684 0.016567 0.135172 -147.008179 0.025857 0.997400 0.067264 3.946592 -0.133706 0.070133 -0.988536 -61.431976
-0.990309 0.017510 0.137776 -146.876572 0.026893 0.997422 0.066536 3.983172 -0.136256 0.069596 -0.988226 -62.388538
-0.990056 0.017603 0.139567 -146.737350 0.026922 0.997511 0.065169 4.019714 -0.138073 0.068279 -0.988066 -63.338638
-0.989898 0.014406 0.141045 -146.590561 0.023681 0.997650 0.064301 4.056474 -0.139788 0.066992 -0.987913 -64.296249
-0.989819 0.012568 0.141777 -146.443878 0.021927 0.997668 0.064641 4.093242 -0.140634 0.067092 -0.987786 -65.243561
-0.989681 0.011107 0.142860 -146.297195 0.020762 0.997586 0.066268 4.125898 -0.141779 0.068550 -0.987522 -66.185585
-0.989771 0.007543 0.142467 -146.150070 0.017351 0.997553 0.067731 4.162336 -0.141608 0.069510 -0.987479 -67.106583
-0.989886 0.004008 0.141807 -146.001556 0.013830 0.997566 0.068341 4.197768 -0.141188 0.069611 -0.987532 -68.012642
-0.990051 0.001280 0.140706 -145.863068 0.011011 0.997597 0.068396 4.230475 -0.140280 0.069265 -0.987686 -68.896698
-0.990249 -0.000055 0.139309 -145.729065 0.009587 0.997602 0.068540 4.259003 -0.138979 0.069207 -0.987874 -69.778168
-0.990669 -0.002484 0.136269 -145.599197 0.006977 0.997598 0.068910 4.292903 -0.136113 0.069218 -0.988272 -70.642418
-0.991291 -0.003738 0.131637 -145.473343 0.005372 0.997617 0.068780 4.325134 -0.131581 0.068889 -0.988909 -71.483742
-0.992096 -0.004034 0.125416 -145.362595 0.004659 0.997610 0.068940 4.352245 -0.125395 0.068980 -0.989706 -72.298096
-0.992929 -0.002466 0.118685 -145.264938 0.005778 0.997595 0.069066 4.386619 -0.118570 0.069263 -0.990527 -73.090492
-0.993706 -0.001051 0.112011 -145.171906 0.006839 0.997521 0.070033 4.418340 -0.111807 0.070358 -0.991236 -73.876350
-0.994388 0.000207 0.105790 -145.091446 0.007670 0.997507 0.070144 4.439594 -0.105512 0.070562 -0.991911 -74.646835
-0.995083 0.000493 0.099039 -145.014771 0.007512 0.997483 0.070502 4.460063 -0.098755 0.070899 -0.992583 -75.378242
-0.995654 -0.000155 0.093133 -144.943787 0.006494 0.997449 0.071082 4.482473 -0.092906 0.071378 -0.993113 -76.099037
-0.996222 -0.000379 0.086837 -144.873840 0.005834 0.997439 0.071283 4.504359 -0.086642 0.071521 -0.993669 -76.789383
-0.996679 0.000913 0.081431 -144.813751 0.006698 0.997468 0.070797 4.528605 -0.081161 0.071107 -0.994161 -77.454468
-0.997069 -0.000175 0.076509 -144.756027 0.005241 0.997492 0.070580 4.552335 -0.076329 0.070774 -0.994568 -78.096962
-0.997446 0.000006 0.071424 -144.705902 0.005026 0.997527 0.070098 4.579408 -0.071247 0.070278 -0.994980 -78.714279
-0.997757 0.000460 0.066941 -144.661041 0.005129 0.997563 0.069586 4.602571 -0.066746 0.069773 -0.995327 -79.305069
-0.998005 0.001342 0.063114 -144.619629 0.005779 0.997518 0.070180 4.630642 -0.062863 0.070405 -0.995536 -79.870972
-0.998213 0.001224 0.059740 -144.576569 0.005502 0.997426 0.071496 4.656364 -0.059499 0.071697 -0.995650 -80.416588
-0.998429 0.001760 0.056005 -144.544617 0.005804 0.997379 0.072124 4.677927 -0.055731 0.072335 -0.995822 -80.926605
-0.998540 0.001623 0.054000 -144.507675 0.005554 0.997337 0.072719 4.698595 -0.053738 0.072913 -0.995890 -81.412590
-0.998616 0.002130 0.052548 -144.476013 0.005971 0.997310 0.073060 4.719771 -0.052251 0.073273 -0.995942 -81.868469
-0.998667 0.002926 0.051532 -144.448914 0.006703 0.997289 0.073273 4.735477 -0.051178 0.073520 -0.995980 -82.288719
-0.998699 0.002973 0.050916 -144.422531 0.006748 0.997225 0.074144 4.754449 -0.050554 0.074391 -0.995947 -82.671562
-0.998679 0.002324 0.051340 -144.389725 0.006179 0.997160 0.075054 4.774031 -0.051020 0.075272 -0.995857 -83.023972
-0.998669 0.001235 0.051556 -144.369598 0.005118 0.997150 0.075268 4.787048 -0.051316 0.075432 -0.995830 -83.335686
-0.998601 0.000230 0.052882 -144.346832 0.004203 0.997174 0.075013 4.801926 -0.052716 0.075130 -0.995779 -83.612999
-0.998466 -0.000730 0.055367 -144.315506 0.003423 0.997187 0.074882 4.815800 -0.055266 0.074957 -0.995654 -83.868057
-0.998343 -0.001841 0.057519 -144.293945 0.002450 0.997222 0.074443 4.829365 -0.057496 0.074461 -0.995565 -84.095627
-0.998216 -0.002467 0.059660 -144.273254 0.001922 0.997302 0.073389 4.840046 -0.059680 0.073372 -0.995517 -84.298470
-0.998088 -0.002648 0.061755 -144.255753 0.001786 0.997429 0.071632 4.848321 -0.061786 0.071606 -0.995517 -84.488846
-0.998001 -0.001548 0.063176 -144.245621 0.002905 0.997520 0.070325 4.858243 -0.063128 0.070368 -0.995522 -84.673363
-0.997918 -0.000996 0.064482 -144.240112 0.003551 0.997515 0.070363 4.865843 -0.064392 0.070445 -0.995435 -84.849289
-0.997780 -0.000960 0.066590 -144.226135 0.003798 0.997449 0.071286 4.878975 -0.066489 0.071381 -0.995231 -85.035156
-0.997666 -0.002303 0.068248 -144.212006 0.002609 0.997416 0.071801 4.888831 -0.068237 0.071811 -0.995081 -85.203804
-0.997505 -0.003482 0.070511 -144.197433 0.001593 0.997418 0.071793 4.899490 -0.070579 0.071726 -0.994924 -85.355865
-0.997287 -0.003144 0.073549 -144.191116 0.002138 0.997429 0.071623 4.909912 -0.073585 0.071585 -0.994716 -85.496979
-0.996997 -0.002332 0.077402 -144.190048 0.003204 0.997448 0.071320 4.916420 -0.077370 0.071354 -0.994446 -85.631508
-0.996606 -0.001945 0.082299 -144.184479 0.003957 0.997433 0.071492 4.924654 -0.082227 0.071575 -0.994040 -85.760284
-0.996116 -0.002699 0.088008 -144.174530 0.003606 0.997441 0.071406 4.932411 -0.087976 0.071446 -0.993557 -85.884537
-0.995435 -0.004462 0.095334 -144.164154 0.002344 0.997462 0.071167 4.935479 -0.095410 0.071066 -0.992898 -85.997047
-0.994746 -0.006153 0.102184 -144.153412 0.001174 0.997440 0.071495 4.941935 -0.102363 0.071239 -0.992193 -86.099808
-0.994086 -0.007404 0.108340 -144.142288 0.000451 0.997383 0.072303 4.948483 -0.108591 0.071925 -0.991481 -86.191452
-0.993425 -0.008628 0.114163 -144.130859 -0.000284 0.997339 0.072902 4.954468 -0.114489 0.072390 -0.990784 -86.270973
-0.992931 -0.009024 0.118348 -144.126297 -0.000359 0.997329 0.073034 4.959286 -0.118691 0.072475 -0.990283 -86.328773
-0.992536 -0.008645 0.121644 -144.128311 0.000191 0.997373 0.072440 4.960833 -0.121951 0.071923 -0.989927 -86.374023
-0.992209 -0.008545 0.124288 -144.134903 0.000461 0.997387 0.072247 4.963982 -0.124581 0.071742 -0.989612 -86.402405
-0.992018 -0.008553 0.125807 -144.140076 0.000573 0.997381 0.072322 4.966553 -0.126097 0.071817 -0.989415 -86.421333
-0.991830 -0.008947 0.127249 -144.141663 0.000252 0.997398 0.072092 4.966266 -0.127563 0.071535 -0.989247 -86.430351
-0.991798 -0.009169 0.127488 -144.147736 0.000071 0.997384 0.072284 4.969890 -0.127817 0.071700 -0.989203 -86.436256
-0.991865 -0.008749 0.126995 -144.158478 0.000464 0.997380 0.072336 4.973392 -0.127296 0.071806 -0.989262 -86.431892
-0.991902 -0.008389 0.126726 -144.168976 0.000767 0.997402 0.072032 4.974708 -0.127001 0.071546 -0.989319 -86.425003
-0.991919 -0.007797 0.126630 -144.175964 0.001233 0.997470 0.071076 4.970608 -0.126864 0.070658 -0.989400 -86.412163
-0.991970 -0.007801 0.126231 -144.176208 0.001179 0.997482 0.070913 4.970246 -0.126466 0.070493 -0.989463 -86.411530
-0.991999 -0.007995 0.125989 -144.174942 0.001018 0.997454 0.071308 4.973187 -0.126238 0.070866 -0.989465 -86.413765
-0.992027 -0.008001 0.125768 -144.181793 0.000992 0.997456 0.071281 4.974447 -0.126019 0.070838 -0.989495 -86.410019
-0.992119 -0.007681 0.125066 -144.192093 0.001275 0.997449 0.071376 4.975550 -0.125295 0.070973 -0.989578 -86.412109
-0.992152 -0.007861 0.124794 -144.195816 0.001113 0.997427 0.071681 4.979881 -0.125036 0.071258 -0.989590 -86.410347
-0.992223 -0.007928 0.124219 -144.203827 0.000983 0.997439 0.071512 4.979234 -0.124468 0.071078 -0.989674 -86.406235
-0.992276 -0.007899 0.123798 -144.211258 0.000955 0.997455 0.071299 4.978643 -0.124047 0.070867 -0.989743 -86.402245
-0.992279 -0.007861 0.123777 -144.213013 0.001001 0.997449 0.071377 4.977860 -0.124022 0.070949 -0.989740 -86.403709
-0.992283 -0.007572 0.123763 -144.215714 0.001265 0.997463 0.071171 4.976999 -0.123988 0.070778 -0.989756 -86.401833
-0.992279 -0.007408 0.123803 -144.217026 0.001415 0.997474 0.071024 4.976276 -0.124016 0.070651 -0.989762 -86.398781
-0.992271 -0.007155 0.123881 -144.219925 0.001644 0.997491 0.070781 4.975360 -0.124077 0.070437 -0.989769 -86.397675
-0.992279 -0.006938 0.123834 -144.222565 0.001845 0.997498 0.070672 4.974461 -0.124014 0.070355 -0.989783 -86.400879
-0.992296 -0.006819 0.123705 -144.224472 0.001945 0.997504 0.070588 4.975188 -0.123878 0.070284 -0.989805 -86.404221
-0.992323 -0.006894 0.123484 -144.226517 0.001871 0.997494 0.070723 4.975867 -0.123663 0.070411 -0.989823 -86.396393
-0.992325 -0.007100 0.123456 -144.225769 0.001676 0.997487 0.070832 4.976362 -0.123649 0.070495 -0.989819 -86.398430
-0.992327 -0.007008 0.123441 -144.233093 0.001786 0.997476 0.070987 4.977027 -0.123626 0.070663 -0.989810 -86.399940
-0.992280 -0.007018 0.123820 -144.237747 0.001806 0.997474 0.071010 4.978393 -0.124006 0.070686 -0.989761 -86.398979
-0.992222 -0.007521 0.124252 -144.239410 0.001355 0.997461 0.071200 4.979489 -0.124472 0.070815 -0.989693 -86.398300
-0.992174 -0.007735 0.124624 -144.239624 0.001200 0.997443 0.071462 4.982182 -0.124858 0.071053 -0.989627 -86.397385
-0.992092 -0.007655 0.125282 -144.240448 0.001338 0.997437 0.071539 4.984408 -0.125509 0.071141 -0.989539 -86.396873
-0.992021 -0.007790 0.125834 -144.242218 0.001257 0.997428 0.071659 4.984737 -0.126069 0.071246 -0.989460 -86.393860
-0.991987 -0.007781 0.126098 -144.241516 0.001277 0.997433 0.071594 4.986754 -0.126332 0.071181 -0.989431 -86.390541
-0.991947 -0.007623 0.126428 -144.238754 0.001474 0.997424 0.071709 4.992408 -0.126649 0.071318 -0.989381 -86.390701
-0.991935 -0.007594 0.126518 -144.238220 0.001539 0.997408 0.071934 4.993164 -0.126737 0.071549 -0.989353 -86.385796
-0.991913 -0.007535 0.126698 -144.238693 0.001630 0.997398 0.072077 4.996753 -0.126912 0.071701 -0.989319 -86.381599
-0.991929 -0.007325 0.126584 -144.234924 0.001863 0.997380 0.072315 4.996913 -0.126782 0.071967 -0.989316 -86.383003
-0.991930 -0.007603 0.126558 -144.236526 0.001602 0.997369 0.072473 4.997710 -0.126776 0.072091 -0.989308 -86.379631
-0.991947 -0.007340 0.126439 -144.239075 0.001896 0.997347 0.072770 5.000124 -0.126637 0.072424 -0.989302 -86.378456
-0.991947 -0.007162 0.126451 -144.236710 0.002088 0.997339 0.072868 5.001525 -0.126636 0.072546 -0.989293 -86.375610
-0.991939 -0.006989 0.126524 -144.236420 0.002297 0.997322 0.073097 5.003663 -0.126696 0.072799 -0.989267 -86.375381
-0.991931 -0.006850 0.126597 -144.235031 0.002474 0.997303 0.073353 5.005388 -0.126759 0.073075 -0.989238 -86.374176
-0.991941 -0.007073 0.126504 -144.236801 0.002253 0.997298 0.073426 5.005383 -0.126682 0.073120 -0.989245 -86.373009
-0.991929 -0.006961 0.126600 -144.235458 0.002392 0.997287 0.073577 5.007154 -0.126769 0.073286 -0.989221 -86.374382
-0.991928 -0.007073 0.126606 -144.238678 0.002302 0.997274 0.073750 5.006320 -0.126782 0.073446 -0.989208 -86.372765
-0.991913 -0.006861 0.126733 -144.241562 0.002545 0.997262 0.073905 5.007662 -0.126893 0.073630 -0.989180 -86.368538
-0.991946 -0.006802 0.126476 -144.245651 0.002586 0.997261 0.073915 5.009609 -0.126633 0.073646 -0.989212 -86.367958
-0.991938 -0.006667 0.126549 -144.246048 0.002752 0.997246 0.074109 5.009453 -0.126695 0.073860 -0.989188 -86.364944
-0.991969 -0.006696 0.126303 -144.247253 0.002706 0.997246 0.074120 5.009407 -0.126452 0.073867 -0.989219 -86.361160
-0.991976 -0.006707 0.126250 -144.249481 0.002713 0.997232 0.074299 5.010246 -0.126399 0.074046 -0.989212 -86.360519
-0.991988 -0.006673 0.126154 -144.253799 0.002777 0.997211 0.074580 5.008420 -0.126300 0.074333 -0.989203 -86.356850
-0.991995 -0.006524 0.126110 -144.257294 0.002933 0.997205 0.074662 5.009044 -0.126244 0.074435 -0.989203 -86.352501
-0.992013 -0.006570 0.125964 -144.263306 0.002876 0.997205 0.074663 5.011196 -0.126103 0.074428 -0.989221 -86.349655
-0.992032 -0.006665 0.125813 -144.267151 0.002775 0.997201 0.074710 5.011301 -0.125959 0.074464 -0.989237 -86.345161
-0.992084 -0.006819 0.125394 -144.269592 0.002614 0.997187 0.074904 5.010464 -0.125552 0.074639 -0.989275 -86.339577
-0.992131 -0.007019 0.125003 -144.276642 0.002395 0.997181 0.075001 5.009815 -0.125177 0.074710 -0.989317 -86.332573
-0.992157 -0.007118 0.124791 -144.278412 0.002286 0.997177 0.075053 5.009401 -0.124973 0.074750 -0.989340 -86.327873
-0.992166 -0.007110 0.124725 -144.279144 0.002295 0.997174 0.075095 5.009121 -0.124907 0.074793 -0.989345 -86.324585
-0.992198 -0.007478 0.124449 -144.278641 0.001913 0.997169 0.075172 5.009328 -0.124658 0.074824 -0.989374 -86.321251
-0.992215 -0.007462 0.124309 -144.280060 0.001921 0.997168 0.075188 5.009452 -0.124518 0.074842 -0.989391 -86.319061
-0.992128 -0.007581 0.125000 -144.281464 0.001853 0.997168 0.075181 5.007850 -0.125216 0.074820 -0.989304 -86.320831
-0.991854 -0.007588 0.127150 -144.284897 0.001987 0.997181 0.075009 5.008933 -0.127361 0.074650 -0.989043 -86.317841
-0.991622 -0.007682 0.128942 -144.284149 0.001992 0.997202 0.074730 5.010391 -0.129156 0.074361 -0.988832 -86.322853
-0.991302 -0.008119 0.131353 -144.287964 0.001718 0.997211 0.074609 5.012983 -0.131592 0.074186 -0.988524 -86.337166
-0.990672 -0.008029 0.136029 -144.287476 0.002177 0.997203 0.074714 5.016330 -0.136249 0.074313 -0.987884 -86.356003
-0.989964 -0.008258 0.141080 -144.289856 0.002337 0.997198 0.074769 5.015321 -0.141302 0.074348 -0.987171 -86.376160
-0.989063 -0.009004 0.147217 -144.283081 0.002058 0.997195 0.074815 5.017349 -0.147478 0.074300 -0.986271 -86.401520
-0.987972 -0.009611 0.154337 -144.281876 0.002008 0.997185 0.074950 5.020158 -0.154623 0.074359 -0.985171 -86.432327
-0.986628 -0.009832 0.162694 -144.278198 0.002428 0.997181 0.074990 5.023212 -0.162972 0.074382 -0.983823 -86.464340
-0.985049 -0.010113 0.171977 -144.272186 0.002870 0.997174 0.075074 5.025352 -0.172250 0.074445 -0.982236 -86.501282
-0.983264 -0.010684 0.181873 -144.263016 0.003064 0.997168 0.075144 5.026454 -0.182161 0.074444 -0.980447 -86.542458
-0.981092 -0.010970 0.193230 -144.254639 0.003621 0.997177 0.074996 5.027492 -0.193508 0.074278 -0.978283 -86.586983
-0.978577 -0.011499 0.205558 -144.243454 0.003985 0.997194 0.074755 5.029171 -0.205841 0.073972 -0.975786 -86.632233
-0.975605 -0.011971 0.219206 -144.227524 0.004413 0.997241 0.074101 5.030222 -0.219488 0.073261 -0.972861 -86.682724
-0.972051 -0.012646 0.234430 -144.205612 0.004631 0.997321 0.073003 5.029437 -0.234725 0.072048 -0.969388 -86.741173
-0.967940 -0.013542 0.250816 -144.178452 0.004662 0.997405 0.071845 5.029339 -0.251138 0.070711 -0.965365 -86.811752
-0.963282 -0.014982 0.268073 -144.142288 0.004227 0.997472 0.070936 5.033248 -0.268458 0.069465 -0.960784 -86.899185
-0.958160 -0.015609 0.285808 -144.102432 0.005048 0.997435 0.071396 5.043994 -0.286189 0.069851 -0.955624 -87.011948
-0.952541 -0.015431 0.304020 -144.065872 0.006897 0.997364 0.072234 5.055461 -0.304333 0.070903 -0.949923 -87.141769
-0.945989 -0.015090 0.323846 -144.022186 0.009100 0.997287 0.073052 5.062325 -0.324070 0.072053 -0.943285 -87.285545
-0.938353 -0.016767 0.345272 -143.957306 0.009475 0.997200 0.074176 5.067585 -0.345549 0.072875 -0.935567 -87.438477
-0.929884 -0.018704 0.367378 -143.883362 0.009892 0.997074 0.075803 5.078518 -0.367721 0.074122 -0.926978 -87.600563
-0.920465 -0.019445 0.390340 -143.809418 0.011706 0.996942 0.077267 5.093178 -0.390649 0.075691 -0.917423 -87.774902
-0.910128 -0.019043 0.413889 -143.733414 0.014461 0.996875 0.077665 5.103049 -0.414075 0.076670 -0.907008 -87.958374
