1.000000 0.000000 0.000000 0.000000 0.000000 1.000000 0.000000 0.000000 0.000000 0.000000 1.000000 0.000000
0.999981 0.000503 -0.006166 0.000845 -0.000503 1.000000 0.000097 0.001968 0.006166 -0.000094 0.999981 0.086065
0.999913 0.001192 -0.013139 -0.008107 -0.001191 0.999999 0.000028 0.000052 0.013139 -0.000012 0.999914 0.179844
0.999781 0.001354 -0.020883 -0.014802 -0.001362 0.999999 -0.000397 -0.004318 0.020882 0.000425 0.999782 0.277173
0.999549 0.001987 -0.029976 -0.019902 -0.002040 0.999996 -0.001741 -0.006640 0.029972 0.001802 0.999549 0.391437
0.999136 0.001775 -0.041522 -0.034133 -0.001914 0.999993 -0.003312 -0.004168 0.041515 0.003388 0.999132 0.509875
0.998465 0.001863 -0.055352 -0.046794 -0.002111 0.999988 -0.004420 -0.007312 0.055343 0.004530 0.998457 0.641517
0.997442 0.001737 -0.071462 -0.062039 -0.002083 0.999986 -0.004762 -0.006246 0.071453 0.004898 0.997432 0.786669
0.995932 0.000846 -0.090102 -0.079776 -0.001306 0.999986 -0.005049 -0.005997 0.090097 0.005146 0.995920 0.947394
0.993917 -0.000330 -0.110132 -0.098814 -0.000277 0.999985 -0.005494 -0.011232 0.110132 0.005491 0.993902 1.116607
0.991182 0.000012 -0.132510 -0.133501 -0.000842 0.999980 -0.006209 -0.018429 0.132507 0.006266 0.991162 1.289866
0.987674 0.002891 -0.156496 -0.179711 -0.004083 0.999965 -0.007299 -0.035527 0.156469 0.007848 0.987652 1.469974
0.983287 0.006518 -0.181945 -0.241227 -0.008330 0.999923 -0.009201 -0.043599 0.181871 0.010563 0.983266 1.655757
0.977861 0.009490 -0.209039 -0.308386 -0.011973 0.999872 -0.010615 -0.046713 0.208912 0.012883 0.977850 1.847433
0.971073 0.009863 -0.238579 -0.372233 -0.012952 0.999851 -0.011385 -0.047995 0.238431 0.014146 0.971056 2.046165
0.962988 0.011698 -0.269290 -0.455137 -0.015348 0.999817 -0.011455 -0.057028 0.269107 0.015165 0.962991 2.244061
0.953494 0.013000 -0.301131 -0.548250 -0.017177 0.999789 -0.011229 -0.057756 0.300921 0.015879 0.953517 2.449520
0.942197 0.015446 -0.334705 -0.648725 -0.020130 0.999742 -0.010531 -0.068915 0.334455 0.016660 0.942264 2.662501
0.929641 0.017578 -0.368047 -0.752825 -0.023068 0.999678 -0.010523 -0.076574 0.367743 0.018272 0.929748 2.858434
0.915755 0.019961 -0.401241 -0.876818 -0.026199 0.999606 -0.010066 -0.078627 0.400882 0.019731 0.915917 3.064391
0.899663 0.020114 -0.436121 -0.997729 -0.027388 0.999571 -0.010398 -0.074800 0.435725 0.021299 0.899828 3.268138
0.881223 0.015743 -0.472438 -1.120768 -0.024129 0.999640 -0.011695 -0.066532 0.472084 0.021705 0.881286 3.479819
0.859991 0.011854 -0.510171 -1.257183 -0.021177 0.999698 -0.012470 -0.077642 0.509869 0.021529 0.859982 3.693240
0.835156 0.013962 -0.549835 -1.423963 -0.023227 0.999681 -0.009894 -0.097716 0.549522 0.021034 0.835214 3.904885
0.806174 0.019175 -0.591367 -1.617333 -0.028485 0.999574 -0.006420 -0.109585 0.590992 0.022021 0.806377 4.097221
0.773634 0.021108 -0.633281 -1.812435 -0.031493 0.999491 -0.005158 -0.119427 0.632849 0.023934 0.773905 4.293446
0.737597 0.019537 -0.674959 -2.010469 -0.031580 0.999486 -0.005580 -0.112796 0.674503 0.025431 0.737834 4.483983
0.697862 0.015644 -0.716061 -2.223068 -0.028083 0.999590 -0.005532 -0.110267 0.715682 0.023970 0.698015 4.684443
0.655125 0.012197 -0.755422 -2.442326 -0.024353 0.999691 -0.004978 -0.120122 0.755128 0.021658 0.655219 4.870140
0.610134 0.011478 -0.792215 -2.684898 -0.023253 0.999724 -0.003423 -0.129258 0.791957 0.020510 0.610233 5.048868
0.561728 0.011733 -0.827239 -2.961311 -0.022387 0.999749 -0.001022 -0.135848 0.827019 0.019094 0.561850 5.229341
0.510440 0.011787 -0.859832 -3.245569 -0.021779 0.999763 0.000776 -0.148378 0.859637 0.018330 0.510576 5.374135
0.457118 0.012502 -0.889318 -3.554899 -0.022174 0.999751 0.002656 -0.150600 0.889129 0.018506 0.457281 5.519981
0.402083 0.013816 -0.915499 -3.890706 -0.022095 0.999741 0.005383 -0.156220 0.915337 0.018064 0.402284 5.647282
0.346226 0.015209 -0.938028 -4.228828 -0.023033 0.999705 0.007708 -0.163943 0.937868 0.018937 0.346474 5.750358
0.290593 0.017289 -0.956691 -4.593495 -0.022750 0.999679 0.011156 -0.164985 0.956576 0.018523 0.290893 5.849444
0.236322 0.018315 -0.971502 -4.960089 -0.019386 0.999712 0.014131 -0.165450 0.971482 0.015494 0.236609 5.916595
0.184984 0.018459 -0.982568 -5.338185 -0.017653 0.999725 0.015457 -0.178134 0.982583 0.014486 0.185259 5.978823
0.137496 0.018679 -0.990326 -5.730229 -0.019616 0.999677 0.016132 -0.186321 0.990308 0.017208 0.137818 6.005816
0.094573 0.018333 -0.995349 -6.145075 -0.022040 0.999624 0.016317 -0.173734 0.995274 0.020394 0.094942 6.010494
0.056871 0.016191 -0.998250 -6.560472 -0.023695 0.999609 0.014863 -0.163603 0.998100 0.022808 0.057233 6.013520
0.022181 0.013284 -0.999666 -7.010538 -0.023465 0.999643 0.012763 -0.158041 0.999479 0.023174 0.022484 6.014126
-0.009051 0.010729 -0.999901 -7.478060 -0.023777 0.999657 0.010941 -0.163002 0.999676 0.023874 -0.008793 5.994766
-0.035761 0.008588 -0.999323 -7.943723 -0.024638 0.999652 0.009473 -0.164236 0.999057 0.024960 -0.035537 5.959262
-0.056514 0.006235 -0.998382 -8.440187 -0.025528 0.999645 0.007687 -0.163295 0.998075 0.025921 -0.056334 5.911987
-0.072695 0.005151 -0.997341 -8.964520 -0.025812 0.999642 0.007044 -0.155015 0.997020 0.026255 -0.072536 5.859150
-0.085328 0.005480 -0.996338 -9.522124 -0.025708 0.999640 0.007699 -0.161344 0.996021 0.026270 -0.085156 5.799090
-0.094393 0.006519 -0.995514 -10.073209 -0.028027 0.999565 0.009203 -0.165304 0.995140 0.028770 -0.094169 5.723749
-0.101305 0.007268 -0.994829 -10.652472 -0.028936 0.999529 0.010249 -0.171368 0.994434 0.029825 -0.101047 5.649750
-0.105305 0.008320 -0.994405 -11.250297 -0.027401 0.999561 0.011265 -0.173190 0.994062 0.028434 -0.105031 5.579692
-0.106089 0.008944 -0.994316 -11.855480 -0.025657 0.999602 0.011729 -0.177589 0.994026 0.026756 -0.105817 5.501805
-0.105073 0.010710 -0.994407 -12.503270 -0.025409 0.999587 0.013450 -0.179128 0.994140 0.026680 -0.104757 5.433271
-0.103115 0.013239 -0.994581 -13.147019 -0.025491 0.999548 0.015948 -0.182402 0.994343 0.026998 -0.102731 5.347679
-0.101686 0.013046 -0.994731 -13.791880 -0.025746 0.999545 0.015741 -0.185559 0.994483 0.027211 -0.101303 5.274890
-0.099959 0.011157 -0.994929 -14.461802 -0.027051 0.999537 0.013927 -0.192622 0.994624 0.028306 -0.099611 5.202103
-0.098493 0.010843 -0.995079 -15.154601 -0.028897 0.999488 0.013752 -0.187508 0.994718 0.030110 -0.098130 5.129061
-0.096974 0.013642 -0.995193 -15.863311 -0.029313 0.999433 0.016556 -0.188730 0.994855 0.030778 -0.096519 5.054358
-0.094963 0.017142 -0.995333 -16.595463 -0.029981 0.999349 0.020072 -0.189685 0.995029 0.031747 -0.094387 4.976772
-0.093292 0.018988 -0.995458 -17.338961 -0.032034 0.999243 0.022063 -0.185531 0.995123 0.033947 -0.092613 4.891304
-0.091512 0.018602 -0.995630 -18.086693 -0.030994 0.999288 0.021519 -0.183214 0.995322 0.032828 -0.090870 4.817831
-0.089778 0.016229 -0.995830 -18.832346 -0.032116 0.999300 0.019181 -0.188270 0.995444 0.033704 -0.089194 4.741610
-0.088474 0.015698 -0.995955 -19.600880 -0.035326 0.999197 0.018887 -0.179637 0.995452 0.036854 -0.087849 4.663890
-0.086979 0.017418 -0.996058 -20.398821 -0.033005 0.999248 0.020356 -0.170118 0.995663 0.034646 -0.086339 4.592045
-0.085979 0.019867 -0.996099 -21.200335 -0.031907 0.999233 0.022683 -0.166829 0.995786 0.033733 -0.085279 4.524614
-0.084814 0.021150 -0.996172 -21.999651 -0.028905 0.999302 0.023678 -0.160571 0.995977 0.030802 -0.084143 4.454481
-0.084236 0.016747 -0.996305 -22.797487 -0.025689 0.999490 0.018972 -0.155332 0.996115 0.027192 -0.083763 4.392611
-0.083834 0.010021 -0.996429 -23.598726 -0.024907 0.999616 0.012148 -0.152403 0.996168 0.025836 -0.083552 4.324264
-0.084100 0.005954 -0.996440 -24.411865 -0.024160 0.999676 0.008012 -0.157633 0.996164 0.024748 -0.083929 4.258378
-0.084577 0.007337 -0.996390 -25.250471 -0.026111 0.999613 0.009577 -0.172934 0.996075 0.026827 -0.084353 4.178998
-0.084632 0.014681 -0.996304 -26.112268 -0.027284 0.999482 0.017045 -0.176896 0.996039 0.028626 -0.084188 4.100633
-0.085081 0.021615 -0.996140 -26.976450 -0.027985 0.999318 0.024074 -0.178497 0.995981 0.029926 -0.084418 4.010892
-0.085798 0.026647 -0.995956 -27.838324 -0.028961 0.999153 0.029228 -0.170012 0.995892 0.031351 -0.084954 3.930537
-0.086348 0.026958 -0.995900 -28.682167 -0.028438 0.999160 0.029512 -0.160927 0.995859 0.030869 -0.085509 3.847868
-0.086447 0.023462 -0.995980 -29.514656 -0.028706 0.999249 0.026031 -0.159296 0.995843 0.030841 -0.085708 3.770839
-0.086918 0.021175 -0.995990 -30.347227 -0.029939 0.999267 0.023858 -0.160742 0.995766 0.031893 -0.086220 3.694786
-0.087035 0.022459 -0.995952 -31.187181 -0.033502 0.999114 0.025458 -0.151820 0.995642 0.035582 -0.086205 3.603240
-0.087058 0.024036 -0.995913 -32.034630 -0.033733 0.999064 0.027061 -0.145665 0.995632 0.035951 -0.086165 3.519964
-0.086942 0.022545 -0.995958 -32.857651 -0.033372 0.999117 0.025530 -0.144060 0.995654 0.035457 -0.086113 3.444625
-0.086606 0.017919 -0.996081 -33.670601 -0.031929 0.999275 0.020753 -0.141310 0.995731 0.033602 -0.085971 3.367399
-0.086257 0.014157 -0.996172 -34.495220 -0.034640 0.999252 0.017200 -0.146924 0.995671 0.035991 -0.085702 3.284029
-0.085752 0.015081 -0.996202 -35.324608 -0.036125 0.999181 0.018236 -0.146020 0.995661 0.037552 -0.085137 3.201922
-0.084954 0.017617 -0.996229 -36.172634 -0.034266 0.999201 0.020591 -0.156684 0.995795 0.035886 -0.084282 3.129067
-0.084713 0.022621 -0.996149 -37.021805 -0.034798 0.999065 0.025646 -0.155103 0.995798 0.036837 -0.083847 3.048918
-0.084458 0.027825 -0.996038 -37.859558 -0.033166 0.998978 0.030720 -0.145803 0.995875 0.035629 -0.083449 2.977326
-0.084519 0.031186 -0.995934 -38.708000 -0.034042 0.998836 0.034166 -0.143420 0.995840 0.036791 -0.083359 2.903770
-0.084180 0.030638 -0.995979 -39.542175 -0.031778 0.998936 0.033415 -0.134413 0.995944 0.034463 -0.083116 2.832479
-0.083956 0.026895 -0.996106 -40.347427 -0.031261 0.999073 0.029610 -0.130187 0.995979 0.033626 -0.083038 2.760632
-0.083617 0.022859 -0.996236 -41.165501 -0.032183 0.999153 0.025627 -0.126767 0.995978 0.034205 -0.082810 2.686061
-0.083454 0.020217 -0.996307 -42.002338 -0.035626 0.999094 0.023257 -0.130015 0.995875 0.037436 -0.082658 2.606369
-0.083669 0.018287 -0.996326 -42.825100 -0.038523 0.999025 0.021572 -0.118992 0.995749 0.040186 -0.082883 2.517889
-0.084407 0.016334 -0.996297 -43.640194 -0.035133 0.999195 0.019358 -0.116856 0.995812 0.036637 -0.083765 2.450359
-0.085502 0.012750 -0.996256 -44.453880 -0.032220 0.999360 0.015555 -0.121836 0.995817 0.033429 -0.085036 2.384396
-0.086176 0.011832 -0.996210 -45.271027 -0.029230 0.999469 0.014399 -0.133307 0.995851 0.030360 -0.085784 2.320999
-0.088205 0.015081 -0.995988 -46.109997 -0.029755 0.999399 0.017768 -0.137242 0.995658 0.031202 -0.087703 2.250642
-0.090058 0.020739 -0.995721 -46.932209 -0.028776 0.999312 0.023416 -0.134065 0.995521 0.030762 -0.089399 2.178124
-0.092131 0.024144 -0.995454 -47.763588 -0.026425 0.999295 0.026682 -0.129767 0.995396 0.028763 -0.091428 2.109298
-0.093647 0.023470 -0.995329 -48.577332 -0.026329 0.999314 0.026041 -0.134195 0.995257 0.028645 -0.092965 2.028943
-0.094504 0.019948 -0.995325 -49.388817 -0.028884 0.999323 0.022770 -0.138967 0.995105 0.030900 -0.093863 1.940242
-0.095620 0.016302 -0.995284 -50.179821 -0.033316 0.999253 0.019568 -0.139225 0.994860 0.035030 -0.095006 1.841555
-0.096877 0.015195 -0.995180 -50.981297 -0.036282 0.999165 0.018788 -0.143212 0.994635 0.037927 -0.096245 1.743929
-0.097832 0.016100 -0.995073 -51.783226 -0.036684 0.999131 0.019772 -0.146451 0.994527 0.038438 -0.097157 1.659443
-0.098763 0.017405 -0.994959 -52.570419 -0.036894 0.999096 0.021139 -0.143858 0.994427 0.038795 -0.098031 1.577872
-0.099746 0.017064 -0.994867 -53.351089 -0.039025 0.999017 0.021048 -0.147153 0.994247 0.040924 -0.098982 1.486218
-0.100157 0.017125 -0.994824 -54.131584 -0.039697 0.998987 0.021194 -0.154520 0.994179 0.041614 -0.099376 1.404082
-0.100651 0.018961 -0.994741 -54.911114 -0.038592 0.998992 0.022947 -0.154232 0.994173 0.040699 -0.099818 1.319297
-0.101137 0.021858 -0.994632 -55.690292 -0.037853 0.998950 0.025802 -0.158940 0.994152 0.040259 -0.100204 1.235047
-0.101437 0.025753 -0.994509 -56.465050 -0.037885 0.998840 0.029729 -0.151263 0.994120 0.040693 -0.100344 1.152409
-0.101869 0.027794 -0.994410 -57.247471 -0.037738 0.998782 0.031782 -0.148721 0.994082 0.040764 -0.100696 1.071680
-0.102579 0.027975 -0.994331 -57.995705 -0.036656 0.998819 0.031882 -0.143990 0.994049 0.039719 -0.101432 0.990431
-0.102891 0.026119 -0.994350 -58.738960 -0.034139 0.998974 0.029773 -0.147362 0.994107 0.037010 -0.101894 0.918324
-0.102816 0.022889 -0.994437 -59.472439 -0.034136 0.999065 0.026525 -0.144506 0.994114 0.036674 -0.101938 0.835565
-0.102728 0.020039 -0.994508 -60.191143 -0.035729 0.999078 0.023822 -0.140970 0.994068 0.037980 -0.101917 0.750008
-0.101440 0.017842 -0.994682 -60.895641 -0.035768 0.999127 0.021570 -0.145757 0.994199 0.037766 -0.100713 0.670319
-0.099003 0.017119 -0.994940 -61.579048 -0.037678 0.999071 0.020939 -0.153451 0.994374 0.039560 -0.098266 0.587813
-0.094962 0.018161 -0.995315 -62.258053 -0.037703 0.999051 0.021827 -0.155223 0.994767 0.039599 -0.094187 0.514206
-0.089415 0.019770 -0.995798 -62.926712 -0.037507 0.999027 0.023202 -0.156694 0.995288 0.039424 -0.088587 0.453532
-0.082188 0.021321 -0.996389 -63.575310 -0.036913 0.999020 0.024422 -0.157599 0.995933 0.038787 -0.081321 0.397916
-0.073354 0.022960 -0.997042 -64.206947 -0.037469 0.998966 0.025761 -0.159320 0.996602 0.039248 -0.072418 0.334089
-0.061247 0.024842 -0.997813 -64.820518 -0.039715 0.998838 0.027305 -0.164591 0.997332 0.041300 -0.060189 0.282959
-0.046323 0.026688 -0.998570 -65.422020 -0.042671 0.998678 0.028671 -0.164479 0.998015 0.043938 -0.045123 0.227511
-0.027372 0.027982 -0.999234 -66.003708 -0.042957 0.998652 0.029143 -0.163244 0.998702 0.043721 -0.026133 0.193763
-0.004847 0.028928 -0.999570 -66.563057 -0.044090 0.998603 0.029114 -0.158104 0.999016 0.044212 -0.003564 0.181472
0.021019 0.029828 -0.999334 -67.098183 -0.043179 0.998649 0.028899 -0.159437 0.998846 0.042543 0.022279 0.184438
0.051293 0.030152 -0.998228 -67.618462 -0.041728 0.998736 0.028023 -0.157176 0.997811 0.040217 0.052486 0.205500
0.085948 0.030672 -0.995827 -68.105659 -0.040401 0.998811 0.027277 -0.153718 0.995480 0.037888 0.087085 0.240472
0.123582 0.031355 -0.991839 -68.575043 -0.039347 0.998869 0.026674 -0.148254 0.991554 0.035730 0.124676 0.293851
0.164554 0.031802 -0.985855 -69.019325 -0.037709 0.998952 0.025930 -0.155388 0.985647 0.032909 0.165581 0.360252
0.210086 0.033052 -0.977124 -69.477005 -0.036139 0.999008 0.026023 -0.153884 0.977015 0.029845 0.211072 0.452679
0.258444 0.032304 -0.965486 -69.914017 -0.033040 0.999152 0.024586 -0.139600 0.965461 0.025546 0.259292 0.568071
0.308178 0.027959 -0.950918 -70.330330 -0.024288 0.999473 0.021515 -0.139883 0.951019 0.016465 0.308695 0.733352
0.358744 0.023668 -0.933136 -70.719688 -0.018441 0.999663 0.018266 -0.143960 0.933254 0.010656 0.359060 0.904414
0.410196 0.020032 -0.911777 -71.107483 -0.012615 0.999788 0.016291 -0.149298 0.911910 0.004819 0.410362 1.097574
0.460562 0.020486 -0.887391 -71.496384 -0.012070 0.999786 0.016816 -0.156351 0.887546 0.002966 0.460710 1.307966
0.507608 0.019280 -0.861372 -71.867638 -0.009380 0.999814 0.016852 -0.149173 0.861537 -0.000474 0.507695 1.551067
0.552016 0.015890 -0.833682 -72.213852 -0.001678 0.999838 0.017946 -0.137011 0.833832 -0.008508 0.551953 1.814832
0.595295 0.009632 -0.803450 -72.537857 0.009470 0.999775 0.019002 -0.146070 0.803452 -0.018920 0.595069 2.104441
0.637351 0.005557 -0.770554 -72.842361 0.011533 0.999793 0.016750 -0.164274 0.770487 -0.019562 0.637155 2.382378
0.678448 0.000753 -0.734648 -73.138290 0.009649 0.999904 0.009936 -0.156778 0.734585 -0.013830 0.678376 2.653459
0.718874 -0.004733 -0.695124 -73.424469 0.006647 0.999978 0.000065 -0.155136 0.695108 -0.004667 0.718890 2.933761
0.758216 -0.007023 -0.651966 -73.710022 0.003253 0.999970 -0.006988 -0.164175 0.651996 0.003177 0.758216 3.247741
0.795107 -0.007374 -0.606424 -73.982765 0.002261 0.999955 -0.009194 -0.166818 0.606465 0.005939 0.795088 3.612703
0.829200 -0.008582 -0.558886 -74.246758 0.003268 0.999940 -0.010506 -0.172696 0.558942 0.006885 0.829178 4.010072
0.859936 -0.007799 -0.510342 -74.509796 0.001890 0.999925 -0.012095 -0.183691 0.510398 0.009436 0.859886 4.435112
0.886222 -0.005667 -0.463226 -74.759476 0.001197 0.999950 -0.009944 -0.207393 0.463259 0.008258 0.886185 4.909568
0.907782 -0.000864 -0.419441 -75.004150 -0.002881 0.999961 -0.008294 -0.221619 0.419432 0.008737 0.907745 5.407885
0.925502 0.003720 -0.378725 -75.227448 -0.007825 0.999926 -0.009302 -0.229763 0.378662 0.011572 0.925463 5.916632
0.939460 0.006976 -0.342587 -75.441750 -0.010491 0.999910 -0.008407 -0.228755 0.342498 0.011492 0.939448 6.467023
0.949854 0.008388 -0.312580 -75.629745 -0.010932 0.999920 -0.006385 -0.237052 0.312502 0.009482 0.949870 7.045967
0.957485 0.007669 -0.288379 -75.806374 -0.009349 0.999946 -0.004448 -0.253434 0.288330 0.006955 0.957506 7.646087
0.963418 0.008257 -0.267876 -75.966553 -0.009190 0.999955 -0.002229 -0.274042 0.267845 0.004609 0.963451 8.240087
0.968250 0.010115 -0.249781 -76.139046 -0.010272 0.999947 0.000676 -0.285977 0.249774 0.001911 0.968302 8.867864
0.972034 0.014179 -0.234410 -76.312531 -0.014034 0.999899 0.002288 -0.295144 0.234419 0.001065 0.972135 9.505183
0.975102 0.016337 -0.221154 -76.476196 -0.016055 0.999866 0.003070 -0.292083 0.221175 0.000557 0.975234 10.153216
0.977906 0.017144 -0.208341 -76.617188 -0.016800 0.999853 0.003420 -0.303621 0.208369 0.000156 0.978050 10.800102
0.980722 0.016140 -0.194743 -76.749939 -0.015769 0.999870 0.003451 -0.312356 0.194773 -0.000314 0.980848 11.472248
0.983471 0.017525 -0.180214 -76.888145 -0.017061 0.999846 0.004128 -0.319814 0.180259 -0.000985 0.983619 12.158045
0.985943 0.018344 -0.166072 -77.011696 -0.017841 0.999831 0.004520 -0.327347 0.166127 -0.001494 0.986103 12.856297
0.987995 0.017260 -0.153518 -77.130936 -0.017082 0.999851 0.002478 -0.339075 0.153538 0.000174 0.988143 13.578537
0.989657 0.017383 -0.142397 -77.246445 -0.017875 0.999838 -0.002174 -0.345398 0.142337 0.004697 0.989807 14.282833
0.991028 0.016827 -0.132588 -77.347519 -0.018048 0.999805 -0.008011 -0.360002 0.132428 0.010332 0.991139 15.010757
0.992011 0.019556 -0.124630 -77.448448 -0.020737 0.999751 -0.008184 -0.373918 0.124439 0.010703 0.992170 15.774434
0.992806 0.021709 -0.117753 -77.554298 -0.022124 0.999753 -0.002220 -0.396205 0.117676 0.004810 0.993040 16.552668
0.993219 0.027781 -0.112888 -77.667984 -0.027307 0.999611 0.005747 -0.408163 0.113004 -0.002625 0.993591 17.346699
0.993714 0.025618 -0.108981 -77.750366 -0.024781 0.999652 0.009029 -0.419410 0.109174 -0.006271 0.994003 18.123220
0.994148 0.023626 -0.105416 -77.832642 -0.022869 0.999703 0.008383 -0.430912 0.105582 -0.005924 0.994393 18.889891
0.994472 0.023031 -0.102443 -77.913353 -0.022377 0.999721 0.007528 -0.443343 0.102588 -0.005194 0.994710 19.648588
0.994722 0.024501 -0.099639 -78.001785 -0.023664 0.999674 0.009574 -0.447778 0.099841 -0.007166 0.994978 20.420475
0.995010 0.021846 -0.097359 -78.076370 -0.020769 0.999712 0.012067 -0.460583 0.097595 -0.009985 0.995176 21.196379
0.995324 0.020475 -0.094393 -78.144699 -0.019259 0.999720 0.013784 -0.466863 0.094648 -0.011902 0.995440 21.955648
0.995624 0.018598 -0.091580 -78.216026 -0.017664 0.999783 0.011004 -0.481531 0.091765 -0.009338 0.995737 22.739260
0.995735 0.020925 -0.089853 -78.301697 -0.020663 0.999779 0.003849 -0.488858 0.089913 -0.001976 0.995948 23.485447
0.995889 0.021411 -0.088017 -78.376122 -0.021820 0.999755 -0.003690 -0.498772 0.087917 0.005595 0.996112 24.210608
0.996007 0.021928 -0.086545 -78.448265 -0.022649 0.999716 -0.007363 -0.523523 0.086359 0.009294 0.996221 24.960566
0.996108 0.024397 -0.084693 -78.524590 -0.024988 0.999670 -0.005915 -0.542799 0.084521 0.008008 0.996390 25.729565
0.996241 0.027011 -0.082300 -78.604225 -0.027242 0.999627 -0.001683 -0.567611 0.082224 0.003919 0.996606 26.495066
0.996319 0.030913 -0.079955 -78.684341 -0.030767 0.999522 0.003062 -0.581125 0.080012 -0.000590 0.996794 27.266268
0.996598 0.028416 -0.077362 -78.743309 -0.028118 0.999592 0.004934 -0.590794 0.077471 -0.002742 0.996991 28.019222
0.996741 0.025948 -0.076379 -78.795486 -0.025649 0.999659 0.004887 -0.608124 0.076480 -0.002912 0.997067 28.783241
0.996846 0.024880 -0.075361 -78.853874 -0.024583 0.999686 0.004867 -0.619504 0.075459 -0.002999 0.997144 29.529865
0.996951 0.024212 -0.074181 -78.915993 -0.024011 0.999705 0.003599 -0.633738 0.074246 -0.001806 0.997238 30.284088
0.997039 0.023215 -0.073308 -78.970306 -0.023101 0.999730 0.002401 -0.643497 0.073344 -0.000700 0.997306 31.047602
0.997105 0.022676 -0.072574 -79.029312 -0.022547 0.999742 0.002606 -0.660156 0.072615 -0.000962 0.997360 31.811766
0.997080 0.025028 -0.072147 -79.102928 -0.024841 0.999685 0.003482 -0.670521 0.072211 -0.001680 0.997388 32.586143
0.997103 0.024827 -0.071902 -79.159622 -0.024703 0.999691 0.002618 -0.688100 0.071945 -0.000834 0.997408 33.369740
0.996957 0.025689 -0.073592 -79.225853 -0.025564 0.999670 0.002639 -0.698171 0.073636 -0.000750 0.997285 34.141140
0.996864 0.024132 -0.075365 -79.284271 -0.023969 0.999708 0.003065 -0.709372 0.075417 -0.001249 0.997151 34.938019
0.996606 0.024959 -0.078450 -79.351166 -0.024773 0.999687 0.003347 -0.729820 0.078509 -0.001392 0.996912 35.739342
0.996268 0.028582 -0.081444 -79.426361 -0.028441 0.999591 0.002896 -0.740925 0.081493 -0.000569 0.996674 36.534546
0.996053 0.028799 -0.083955 -79.505470 -0.029015 0.999578 -0.001362 -0.755480 0.083881 0.003792 0.996469 37.322563
0.995820 0.029711 -0.086365 -79.580803 -0.030272 0.999528 -0.005198 -0.765745 0.086169 0.007791 0.996250 38.127289
0.995653 0.029886 -0.088219 -79.665993 -0.030582 0.999511 -0.006558 -0.782106 0.087980 0.009227 0.996080 38.953049
0.995527 0.028349 -0.090121 -79.746468 -0.028955 0.999566 -0.005425 -0.805421 0.089928 0.008010 0.995916 39.779552
0.995353 0.027174 -0.092379 -79.818115 -0.027687 0.999608 -0.004271 -0.831028 0.092227 0.006809 0.995715 40.616245
0.995201 0.026886 -0.094086 -79.900360 -0.027239 0.999626 -0.002468 -0.848388 0.093985 0.005019 0.995561 41.458977
0.995085 0.026909 -0.095294 -79.990479 -0.026966 0.999636 0.000692 -0.866811 0.095278 0.001881 0.995449 42.311142
0.995020 0.026203 -0.096171 -80.069557 -0.025815 0.999653 0.005285 -0.881634 0.096276 -0.002776 0.995351 43.172733
0.995100 0.026608 -0.095223 -80.164665 -0.025963 0.999631 0.008010 -0.896912 0.095401 -0.005498 0.995424 44.026649
0.995242 0.027894 -0.093361 -80.257729 -0.027198 0.999592 0.008719 -0.907853 0.093566 -0.006138 0.995594 44.884956
0.995390 0.027980 -0.091737 -80.337120 -0.027410 0.999596 0.007468 -0.919658 0.091909 -0.004919 0.995755 45.739902
0.995624 0.024933 -0.090063 -80.415710 -0.024537 0.999684 0.005508 -0.923251 0.090171 -0.003274 0.995921 46.595207
0.995871 0.021314 -0.088241 -80.491417 -0.021029 0.999770 0.004157 -0.935764 0.088309 -0.002284 0.996090 47.471172
0.996046 0.020520 -0.086434 -80.570358 -0.020240 0.999787 0.004118 -0.957149 0.086500 -0.002353 0.996249 48.339020
0.996162 0.019227 -0.085386 -80.646965 -0.018768 0.999805 0.006186 -0.964845 0.085489 -0.004560 0.996329 49.225021
0.996249 0.017629 -0.084713 -80.715202 -0.016971 0.999820 0.008486 -0.982539 0.084847 -0.007016 0.996369 50.115326
0.996334 0.017320 -0.083773 -80.796951 -0.016615 0.999820 0.009108 -0.991555 0.083915 -0.007682 0.996443 50.981228
0.996426 0.016615 -0.082817 -80.883141 -0.016168 0.999851 0.006063 -1.004232 0.082905 -0.004703 0.996546 51.844017
0.996468 0.018045 -0.082012 -80.966827 -0.017997 0.999837 0.001329 -1.022586 0.082022 0.000152 0.996630 52.698112
0.996552 0.019275 -0.080705 -81.046310 -0.019682 0.999797 -0.004246 -1.037769 0.080607 0.005820 0.996729 53.535122
0.996496 0.024472 -0.079983 -81.137474 -0.025357 0.999628 -0.010079 -1.065641 0.079707 0.012072 0.996745 54.374340
0.996526 0.026567 -0.078933 -81.221481 -0.027503 0.999563 -0.010793 -1.098292 0.078612 0.012926 0.996821 55.232388
0.996526 0.027259 -0.078697 -81.294731 -0.027714 0.999605 -0.004692 -1.126256 0.078538 0.006856 0.996888 56.098518
0.996443 0.028524 -0.079293 -81.373116 -0.028286 0.999591 0.004126 -1.167771 0.079378 -0.001869 0.996843 56.976761
0.996440 0.024161 -0.080767 -81.426727 -0.023359 0.999668 0.010857 -1.163297 0.081003 -0.008932 0.996674 57.833584
0.996325 0.019706 -0.083350 -81.483452 -0.018980 0.999775 0.009498 -1.170607 0.083519 -0.007881 0.996475 58.666912
0.996232 0.015866 -0.085262 -81.538673 -0.015373 0.999861 0.006427 -1.192077 0.085352 -0.005092 0.996338 59.487408
0.996027 0.014179 -0.087910 -81.615837 -0.013788 0.999892 0.005049 -1.205879 0.087972 -0.003817 0.996116 60.326626
0.995800 0.013425 -0.090563 -81.692642 -0.013242 0.999909 0.002626 -1.221966 0.090590 -0.001415 0.995887 61.147102
0.995430 0.017245 -0.093927 -81.777977 -0.017385 0.999849 -0.000675 -1.244360 0.093902 0.002305 0.995579 61.964252
0.995028 0.016740 -0.098182 -81.862114 -0.017256 0.999841 -0.004404 -1.261762 0.098093 0.006076 0.995159 62.786587
0.994708 0.017938 -0.101168 -81.949364 -0.018763 0.999798 -0.007217 -1.293626 0.101018 0.009077 0.994843 63.594292
0.994282 0.022358 -0.104421 -82.054939 -0.023298 0.999698 -0.007797 -1.312517 0.104215 0.010186 0.994503 64.394691
0.993832 0.025509 -0.107924 -82.157867 -0.026345 0.999633 -0.006325 -1.339332 0.107723 0.009129 0.994139 65.200623
0.993307 0.029610 -0.111647 -82.265907 -0.029923 0.999552 -0.001127 -1.359824 0.111564 0.004460 0.993747 66.013687
0.992828 0.029801 -0.115780 -82.358727 -0.029493 0.999555 0.004369 -1.382581 0.115859 -0.000923 0.993265 66.830315
0.992264 0.028458 -0.120844 -82.451546 -0.027692 0.999584 0.008018 -1.398601 0.121022 -0.004609 0.992639 67.637199
0.991410 0.031467 -0.126948 -82.566566 -0.030518 0.999490 0.009410 -1.420346 0.127180 -0.005455 0.991865 68.426277
0.990717 0.028755 -0.132862 -82.663673 -0.027369 0.999550 0.012246 -1.427376 0.133155 -0.008496 0.991059 69.213409
0.989921 0.027689 -0.138885 -82.771393 -0.026127 0.999573 0.013060 -1.441518 0.139188 -0.009300 0.990222 69.982033
0.988978 0.030994 -0.144781 -82.904099 -0.029545 0.999490 0.012149 -1.455345 0.145084 -0.007737 0.989389 70.758980
0.987992 0.034739 -0.150549 -83.031631 -0.033708 0.999388 0.009392 -1.473289 0.150783 -0.004205 0.988558 71.522430
0.987126 0.033275 -0.156442 -83.151855 -0.032666 0.999445 0.006468 -1.473967 0.156570 -0.001274 0.987666 72.280464
0.986209 0.034636 -0.161842 -83.296829 -0.034228 0.999400 0.005314 -1.492154 0.161929 0.000299 0.986802 73.051964
0.985324 0.037314 -0.166564 -83.439476 -0.036427 0.999301 0.008378 -1.488121 0.166760 -0.002188 0.985995 73.831230
0.984379 0.035209 -0.172508 -83.579086 -0.033471 0.999355 0.012974 -1.500501 0.172854 -0.006997 0.984923 74.599052
0.983352 0.031538 -0.178952 -83.707588 -0.029295 0.999456 0.015162 -1.510752 0.179333 -0.009667 0.983741 75.353500
0.982109 0.031074 -0.185731 -83.844009 -0.029187 0.999491 0.012883 -1.522281 0.186037 -0.007232 0.982516 76.089890
0.980569 0.027055 -0.194299 -83.986122 -0.026315 0.999633 0.006387 -1.540525 0.194401 -0.001150 0.980922 76.817169
0.978692 0.026931 -0.203559 -84.138901 -0.026787 0.999635 0.003466 -1.540501 0.203578 0.002060 0.979057 77.553993
0.976391 0.029474 -0.213989 -84.314415 -0.029019 0.999565 0.005266 -1.549333 0.214051 0.001068 0.976822 78.312408
0.973939 0.030888 -0.224698 -84.495338 -0.029360 0.999517 0.010141 -1.554883 0.224902 -0.003280 0.974376 79.051964
0.971137 0.034067 -0.236076 -84.694435 -0.030931 0.999377 0.016974 -1.547858 0.236507 -0.009181 0.971586 79.795746
0.968435 0.032535 -0.247133 -84.880531 -0.027921 0.999365 0.022152 -1.572494 0.247696 -0.014553 0.968728 80.531654
0.965410 0.032889 -0.258654 -85.087234 -0.028702 0.999389 0.019948 -1.599817 0.259152 -0.011834 0.965764 81.259293
0.962149 0.032361 -0.270595 -85.290520 -0.030365 0.999472 0.011560 -1.606634 0.270827 -0.002906 0.962624 81.953880
0.958772 0.029012 -0.282692 -85.499100 -0.028611 0.999575 0.005544 -1.602392 0.282733 0.002772 0.959195 82.658051
0.955077 0.031962 -0.294630 -85.739120 -0.031183 0.999487 0.007344 -1.574018 0.294713 0.002173 0.955583 83.382118
0.951379 0.035135 -0.306011 -85.985138 -0.032395 0.999377 0.014031 -1.585919 0.306314 -0.003435 0.951924 84.117149
0.947568 0.034838 -0.317651 -86.227837 -0.029930 0.999345 0.020319 -1.597655 0.318151 -0.009746 0.947990 84.850525
0.943515 0.029727 -0.329993 -86.473167 -0.024602 0.999503 0.019695 -1.617998 0.330415 -0.010464 0.943778 85.564827
0.939438 0.027714 -0.341596 -86.720016 -0.023723 0.999593 0.015857 -1.622045 0.341896 -0.006793 0.939713 86.255684
0.936106 0.022918 -0.350971 -86.970299 -0.020820 0.999736 0.009748 -1.640397 0.351102 -0.001818 0.936335 86.945503
0.933193 0.019813 -0.358830 -87.238579 -0.019840 0.999797 0.003607 -1.644863 0.358828 0.003753 0.933396 87.637939
0.930287 0.020159 -0.366277 -87.510292 -0.021332 0.999772 0.000844 -1.651626 0.366211 0.007029 0.930505 88.338120
0.927265 0.024256 -0.373618 -87.814598 -0.025865 0.999665 0.000706 -1.660220 0.373510 0.009009 0.927582 89.030640
0.924154 0.025984 -0.381136 -88.116867 -0.027374 0.999624 0.001776 -1.672157 0.381039 0.008792 0.924517 89.729286
0.920786 0.028033 -0.389059 -88.412430 -0.027294 0.999600 0.007429 -1.672573 0.389111 0.003779 0.921183 90.443939
0.917689 0.030814 -0.396104 -88.723808 -0.027114 0.999521 0.014938 -1.678966 0.396374 -0.002969 0.918084 91.174339
0.914719 0.037349 -0.402362 -89.062691 -0.031019 0.999271 0.022239 -1.687078 0.402899 -0.007861 0.915211 91.894821
0.912106 0.041208 -0.407879 -89.394943 -0.035400 0.999136 0.021781 -1.701924 0.408424 -0.005428 0.912776 92.581711
0.909819 0.036120 -0.413431 -89.705437 -0.033175 0.999347 0.014303 -1.707558 0.413678 0.000703 0.910423 93.260048
0.907711 0.030273 -0.418503 -90.009491 -0.030227 0.999520 0.006741 -1.716783 0.418507 0.006531 0.908190 93.934563
0.905708 0.033200 -0.422600 -90.338043 -0.034161 0.999402 0.005301 -1.723350 0.422524 0.009635 0.906301 94.622528
0.903335 0.041988 -0.426877 -90.705345 -0.042211 0.999069 0.008943 -1.720711 0.426855 0.009940 0.904266 95.328613
0.901034 0.041449 -0.431764 -91.047852 -0.039500 0.999129 0.013486 -1.727476 0.431947 0.004904 0.901886 96.035912
0.898763 0.035734 -0.436977 -91.371346 -0.033487 0.999357 0.012849 -1.747838 0.437155 0.003085 0.899381 96.732948
0.896438 0.033620 -0.441892 -91.720016 -0.033996 0.999397 0.007070 -1.755029 0.441863 0.008684 0.897040 97.410477
0.894137 0.030865 -0.446729 -92.067825 -0.034204 0.999415 0.000590 -1.768622 0.446486 0.014753 0.894669 98.084648
0.891546 0.034606 -0.451606 -92.439972 -0.039549 0.999216 -0.001508 -1.776030 0.451200 0.019205 0.892216 98.773506
0.889367 0.038500 -0.455569 -92.806564 -0.042257 0.999105 0.001941 -1.783606 0.455236 0.017525 0.890198 99.470673
0.887205 0.039085 -0.459717 -93.177574 -0.041676 0.999121 0.004516 -1.801285 0.459489 0.015153 0.888054 100.162704
0.884731 0.040611 -0.464329 -93.544373 -0.043234 0.999052 0.005002 -1.820642 0.464092 0.015649 0.885649 100.856354
0.882559 0.038547 -0.468619 -93.901047 -0.041036 0.999146 0.004902 -1.834803 0.468408 0.014904 0.883387 101.536270
0.880449 0.036519 -0.472732 -94.259827 -0.039253 0.999221 0.004084 -1.851057 0.472513 0.014960 0.881197 102.212936
0.878212 0.037040 -0.476835 -94.625122 -0.039575 0.999205 0.004729 -1.863145 0.476631 0.014718 0.878980 102.870834
0.875943 0.038105 -0.480907 -95.000565 -0.040556 0.999163 0.005299 -1.878311 0.480706 0.014862 0.876756 103.536743
0.873606 0.038599 -0.485101 -95.373688 -0.041177 0.999138 0.005346 -1.890712 0.484889 0.015305 0.874442 104.197624
0.871236 0.034137 -0.489675 -95.734062 -0.037830 0.999281 0.002354 -1.913001 0.489404 0.016474 0.871902 104.848198
0.868987 0.030291 -0.493907 -96.096550 -0.035952 0.999352 -0.001966 -1.934765 0.493527 0.019465 0.869513 105.487396
0.866871 0.028755 -0.497702 -96.470917 -0.036049 0.999337 -0.005052 -1.948670 0.497227 0.022322 0.867334 106.128891
0.864640 0.031605 -0.501397 -96.852081 -0.037936 0.999277 -0.002431 -1.955973 0.500958 0.021123 0.865214 106.775642
0.862655 0.037196 -0.504423 -97.246590 -0.040000 0.999186 0.005273 -1.967171 0.504208 0.015628 0.863441 107.415863
0.861113 0.039253 -0.506896 -97.614655 -0.037078 0.999209 0.014389 -1.980011 0.507059 0.006404 0.861887 108.048660
0.859584 0.038427 -0.509548 -97.973152 -0.032839 0.999261 0.019960 -1.995579 0.509938 -0.000425 0.860211 108.678833
0.858008 0.034782 -0.512458 -98.319954 -0.028225 0.999390 0.020574 -2.011678 0.512860 -0.003189 0.858466 109.289719
0.856343 0.032567 -0.515379 -98.677956 -0.027266 0.999469 0.017853 -2.025671 0.515687 -0.001236 0.856776 109.872726
0.854709 0.030473 -0.518212 -99.022476 -0.026688 0.999535 0.014759 -2.027769 0.518421 0.001215 0.855125 110.433701
0.853091 0.028639 -0.520975 -99.358154 -0.025329 0.999588 0.013475 -2.038182 0.521147 0.001700 0.853465 110.980270
0.851669 0.027715 -0.523346 -99.685188 -0.024496 0.999614 0.013074 -2.043013 0.523507 0.001686 0.852020 111.500572
0.850356 0.027342 -0.525497 -100.003754 -0.023618 0.999626 0.013793 -2.049423 0.525678 0.000683 0.850683 112.023003
0.849284 0.027514 -0.527218 -100.313972 -0.023052 0.999621 0.015033 -2.057299 0.527432 -0.000614 0.849597 112.530678
0.847975 0.026321 -0.529382 -100.602097 -0.021087 0.999651 0.015926 -2.067610 0.529616 -0.002341 0.848234 113.004280
0.846610 0.025419 -0.531606 -100.892982 -0.019987 0.999673 0.015971 -2.078298 0.531838 -0.002896 0.846841 113.463882
0.845444 0.023163 -0.533561 -101.157768 -0.017696 0.999725 0.015360 -2.086465 0.533771 -0.003544 0.845622 113.900024
0.844400 0.023626 -0.535192 -101.430283 -0.019956 0.999721 0.012647 -2.102696 0.535342 0.000001 0.844635 114.311211
0.843003 0.020969 -0.537501 -101.673744 -0.019421 0.999775 0.008544 -2.106835 0.537559 0.003236 0.843220 114.693520
0.840878 0.017954 -0.540927 -101.916016 -0.017274 0.999831 0.006333 -2.115185 0.540949 0.004019 0.841046 115.070503
0.838108 0.014600 -0.545308 -102.156273 -0.013278 0.999892 0.006364 -2.121425 0.545342 0.001907 0.838211 115.445976
0.834990 0.014912 -0.550063 -102.386383 -0.012991 0.999888 0.007388 -2.128379 0.550111 0.000977 0.835091 115.801727
0.831360 0.018750 -0.555419 -102.622452 -0.016546 0.999823 0.008987 -2.140811 0.555489 0.001718 0.831522 116.133026
0.827749 0.023998 -0.560585 -102.846024 -0.020543 0.999711 0.012464 -2.139050 0.560722 0.001199 0.828003 116.430908
0.823907 0.029538 -0.565955 -103.070305 -0.022787 0.999560 0.018994 -2.144065 0.566267 -0.002753 0.824218 116.734093
0.819448 0.031220 -0.572303 -103.274925 -0.021759 0.999490 0.023368 -2.153163 0.572741 -0.006696 0.819709 117.025185
0.814307 0.029218 -0.579698 -103.461548 -0.018067 0.999524 0.024999 -2.159155 0.580153 -0.009884 0.814448 117.289009
0.808151 0.027185 -0.588348 -103.645180 -0.014792 0.999556 0.025867 -2.163777 0.588790 -0.012202 0.808194 117.550079
0.800222 0.025464 -0.599162 -103.818542 -0.011706 0.999571 0.026847 -2.168201 0.599589 -0.014469 0.800177 117.778793
0.790426 0.026093 -0.612001 -104.000893 -0.011433 0.999547 0.027850 -2.174092 0.612451 -0.015016 0.790366 117.990898
0.778833 0.027440 -0.626631 -104.182213 -0.012790 0.999530 0.027873 -2.180927 0.627101 -0.013694 0.778818 118.176620
0.765918 0.027248 -0.642361 -104.347404 -0.013464 0.999562 0.026346 -2.193574 0.642798 -0.011530 0.765949 118.365303
0.751616 0.025581 -0.659105 -104.512589 -0.014516 0.999647 0.022244 -2.200799 0.659441 -0.007152 0.751722 118.513062
0.736810 0.021790 -0.675749 -104.667984 -0.014232 0.999759 0.016721 -2.204720 0.675950 -0.002703 0.736942 118.664680
0.721760 0.021218 -0.691818 -104.826477 -0.017762 0.999769 0.012132 -2.205246 0.691915 0.003532 0.721970 118.791702
0.706378 0.024525 -0.707410 -104.995117 -0.024941 0.999641 0.009751 -2.202363 0.707395 0.010755 0.706736 118.914864
0.689715 0.025982 -0.723615 -105.181877 -0.027751 0.999570 0.009440 -2.183564 0.723549 0.013570 0.690140 119.054543
0.671466 0.024289 -0.740637 -105.353012 -0.024869 0.999638 0.010236 -2.172700 0.740618 0.011545 0.671827 119.199875
0.652035 0.022824 -0.757845 -105.524773 -0.022207 0.999693 0.011001 -2.169749 0.757863 0.009657 0.652342 119.349937
0.630585 0.024218 -0.775742 -105.714844 -0.022289 0.999666 0.013091 -2.182231 0.775800 0.009035 0.630915 119.481461
0.606939 0.028576 -0.794235 -105.915718 -0.025837 0.999535 0.016218 -2.181997 0.794328 0.010677 0.607395 119.598869
0.583026 0.032481 -0.811804 -106.107437 -0.028064 0.999409 0.019832 -2.180882 0.811969 0.011219 0.583593 119.699593
0.557922 0.035386 -0.829139 -106.301453 -0.029867 0.999299 0.022550 -2.181957 0.829356 0.012183 0.558588 119.814705
0.532453 0.038551 -0.845581 -106.498589 -0.033311 0.999143 0.024577 -2.190247 0.845804 0.015081 0.533281 119.909622
0.506115 0.042617 -0.861413 -106.708672 -0.037622 0.998919 0.027315 -2.192167 0.861645 0.018584 0.507171 119.999084
0.478507 0.045467 -0.876906 -106.914658 -0.039704 0.998757 0.030119 -2.186734 0.877186 0.020404 0.479718 120.088196
0.449287 0.045126 -0.892247 -107.125153 -0.038627 0.998771 0.031063 -2.188416 0.892552 0.020509 0.450478 120.176704
0.417493 0.042708 -0.907676 -107.351662 -0.038107 0.998839 0.029470 -2.196666 0.907881 0.022286 0.418636 120.260445
0.383195 0.038479 -0.922866 -107.582680 -0.037652 0.998952 0.026017 -2.193531 0.922900 0.024778 0.384242 120.343704
0.344543 0.035508 -0.938099 -107.852142 -0.037407 0.999010 0.024075 -2.189656 0.938025 0.026796 0.345530 120.427490
0.303470 0.033954 -0.952236 -108.130882 -0.036838 0.999036 0.023883 -2.183815 0.952129 0.027830 0.304428 120.498680
0.259786 0.031581 -0.965150 -108.431221 -0.035904 0.999090 0.023028 -2.177763 0.964998 0.028671 0.260684 120.562981
0.212932 0.028432 -0.976653 -108.741127 -0.034763 0.999164 0.021508 -2.170496 0.976448 0.029372 0.213742 120.622459
0.163683 0.025976 -0.986171 -109.068726 -0.034213 0.999201 0.020640 -2.164622 0.985920 0.030361 0.164441 120.661766
0.113238 0.024832 -0.993258 -109.412209 -0.033715 0.999208 0.021137 -2.161052 0.992996 0.031094 0.113986 120.692657
0.060999 0.024960 -0.997826 -109.771065 -0.032858 0.999196 0.022986 -2.152417 0.997597 0.031385 0.061770 120.701630
0.007329 0.026076 -0.999633 -110.148582 -0.029818 0.999221 0.025846 -2.141801 0.999528 0.029618 0.008101 120.712029
-0.046698 0.027231 -0.998538 -110.533569 -0.026007 0.999256 0.028467 -2.141067 0.998570 0.027299 -0.045955 120.688950
-0.100617 0.028173 -0.994526 -110.926865 -0.021940 0.999293 0.030528 -2.134682 0.994683 0.024892 -0.099928 120.641945
-0.153850 0.029265 -0.987661 -111.319374 -0.018988 0.999289 0.032567 -2.137839 0.987912 0.023764 -0.153185 120.570946
-0.205390 0.030116 -0.978217 -111.726051 -0.016248 0.999284 0.034176 -2.131859 0.978545 0.022914 -0.204754 120.478065
-0.255433 0.030651 -0.966341 -112.139359 -0.012605 0.999307 0.035028 -2.119932 0.966745 0.021128 -0.254869 120.360779
-0.303960 0.031483 -0.952164 -112.574570 -0.007489 0.999344 0.035434 -2.108958 0.952655 0.017901 -0.303525 120.228195
-0.350829 0.032004 -0.935892 -113.013313 -0.002813 0.999375 0.035230 -2.100127 0.936435 0.014992 -0.350520 120.062218
-0.395208 0.033169 -0.917993 -113.456749 0.001743 0.999373 0.035359 -2.091971 0.918590 0.012374 -0.395018 119.865776
-0.436999 0.033948 -0.898821 -113.896645 0.005556 0.999370 0.035044 -2.079187 0.899445 0.010320 -0.436912 119.643196
-0.475312 0.034507 -0.879140 -114.348221 0.008148 0.999360 0.034821 -2.071504 0.879780 0.009387 -0.475289 119.379883
-0.508625 0.034220 -0.860308 -114.784065 0.008906 0.999366 0.034486 -2.061596 0.860942 0.009878 -0.508607 119.083702
-0.536694 0.033410 -0.843115 -115.234161 0.008782 0.999383 0.034013 -2.051158 0.843731 0.010850 -0.536656 118.766228
-0.558955 0.031571 -0.828597 -115.692200 0.007190 0.999422 0.033229 -2.036457 0.829167 0.012617 -0.558859 118.419540
-0.576711 0.029681 -0.816409 -116.168030 0.005551 0.999459 0.032415 -2.026722 0.816930 0.014162 -0.576564 118.058968
-0.590122 0.028788 -0.806801 -116.665359 0.004162 0.999459 0.032618 -2.012985 0.807303 0.015890 -0.589923 117.671539
-0.601542 0.029429 -0.798299 -117.189804 0.005173 0.999444 0.032946 -1.999331 0.798825 0.015689 -0.601359 117.278099
-0.611468 0.030266 -0.790690 -117.720894 0.006057 0.999418 0.033571 -1.987926 0.791246 0.015738 -0.611296 116.863686
-0.618948 0.031622 -0.784795 -118.253189 0.007348 0.999379 0.034474 -1.977656 0.785397 0.015571 -0.618796 116.439049
-0.625171 0.031727 -0.779843 -118.782982 0.006972 0.999361 0.035068 -1.965716 0.780457 0.016486 -0.624992 115.997940
-0.630573 0.031494 -0.775491 -119.323250 0.006559 0.999357 0.035252 -1.950948 0.776102 0.017143 -0.630374 115.545715
-0.635056 0.032159 -0.771797 -119.892487 0.007300 0.999338 0.035633 -1.938268 0.772432 0.016994 -0.634870 115.073692
-0.638317 0.032717 -0.769078 -120.454712 0.007891 0.999322 0.035962 -1.922819 0.769733 0.016887 -0.638143 114.597939
-0.640578 0.033864 -0.767146 -121.044037 0.009076 0.999291 0.036533 -1.910080 0.767839 0.016440 -0.640432 114.108482
-0.641592 0.034097 -0.766288 -121.643967 0.009385 0.999286 0.036607 -1.890033 0.766989 0.016296 -0.641454 113.612488
-0.642244 0.034227 -0.765736 -122.254799 0.010276 0.999297 0.036049 -1.877275 0.766432 0.015284 -0.642144 113.095573
-0.642970 0.034353 -0.765121 -122.870041 0.011344 0.999311 0.035336 -1.860144 0.765808 0.014040 -0.642916 112.573578
-0.643593 0.033732 -0.764624 -123.503502 0.011189 0.999336 0.034669 -1.845229 0.765286 0.013757 -0.643544 112.039055
-0.644338 0.033978 -0.763986 -124.139946 0.010495 0.999311 0.035592 -1.829137 0.764669 0.014916 -0.644251 111.497047
-0.644970 0.033881 -0.763457 -124.790169 0.007580 0.999251 0.037941 -1.811461 0.764171 0.018684 -0.644744 110.929558
-0.645618 0.035671 -0.762827 -125.450142 0.008092 0.999172 0.039874 -1.791447 0.763617 0.019571 -0.645372 110.362968
-0.646301 0.036387 -0.762215 -126.132095 0.009723 0.999174 0.039455 -1.773655 0.763021 0.018089 -0.646121 109.789948
-0.647045 0.035908 -0.761606 -126.804642 0.010989 0.999226 0.037775 -1.757877 0.762373 0.016073 -0.646939 109.212219
-0.647495 0.034774 -0.761276 -127.485039 0.010816 0.999277 0.036446 -1.734785 0.761993 0.015364 -0.647403 108.629250
-0.648391 0.036353 -0.760439 -128.183426 0.013456 0.999250 0.036296 -1.717996 0.761188 0.013301 -0.648394 108.033600
-0.648989 0.037628 -0.759867 -128.898773 0.016145 0.999232 0.035692 -1.702708 0.760627 0.010896 -0.649098 107.435020
-0.650097 0.036077 -0.758995 -129.607513 0.016709 0.999309 0.033188 -1.684665 0.759668 0.008894 -0.650250 106.831306
-0.650989 0.032966 -0.758371 -130.320435 0.016773 0.999437 0.029047 -1.669846 0.758902 0.006189 -0.651175 106.220253
-0.651840 0.029534 -0.757782 -131.036087 0.014866 0.999547 0.026169 -1.666263 0.758211 0.005793 -0.651983 105.586891
-0.651576 0.027164 -0.758097 -131.761948 0.011869 0.999601 0.025617 -1.653298 0.758491 0.007694 -0.651638 104.937111
-0.651421 0.026848 -0.758241 -132.511490 0.009291 0.999581 0.027412 -1.646566 0.758659 0.010811 -0.651398 104.274696
-0.651452 0.028288 -0.758162 -133.267456 0.008555 0.999515 0.029943 -1.638270 0.758642 0.013020 -0.651378 103.617119
-0.651595 0.030554 -0.757951 -134.030151 0.008873 0.999427 0.032660 -1.628164 0.758515 0.014556 -0.651493 102.964355
-0.651963 0.032654 -0.757547 -134.786240 0.010093 0.999357 0.034391 -1.615739 0.758184 0.014776 -0.651874 102.319717
-0.652215 0.034162 -0.757264 -135.549088 0.011308 0.999311 0.035342 -1.603841 0.757950 0.014488 -0.652152 101.664886
-0.652220 0.035062 -0.757219 -136.302322 0.011944 0.999281 0.035982 -1.594132 0.757936 0.014423 -0.652170 101.009644
-0.652474 0.034846 -0.757010 -137.052277 0.010848 0.999269 0.036648 -1.586067 0.757734 0.015700 -0.652375 100.348351
-0.652586 0.035323 -0.756891 -137.802048 0.010415 0.999237 0.037653 -1.572505 0.757643 0.016689 -0.652456 99.691315
-0.652920 0.035932 -0.756574 -138.548630 0.009669 0.999188 0.039110 -1.558090 0.757365 0.018220 -0.652737 99.033432
-0.653213 0.036792 -0.756280 -139.303909 0.009885 0.999148 0.040069 -1.536750 0.757110 0.018698 -0.653020 98.375725
-0.653687 0.037529 -0.755833 -140.049652 0.011158 0.999139 0.039959 -1.521116 0.756682 0.017687 -0.653543 97.735451
-0.654184 0.037496 -0.755406 -140.796097 0.011998 0.999159 0.039204 -1.498304 0.756240 0.016583 -0.654084 97.092209
-0.655087 0.037661 -0.754615 -141.541321 0.012675 0.999164 0.038862 -1.491578 0.755447 0.015893 -0.655017 96.451599
-0.655893 0.037973 -0.753898 -142.285004 0.013112 0.999156 0.038919 -1.471558 0.754740 0.015642 -0.655838 95.797783
-0.656666 0.037038 -0.753272 -143.031799 0.012056 0.999181 0.038619 -1.458210 0.754085 0.016278 -0.656575 95.144432
-0.657320 0.036799 -0.752712 -143.758667 0.012402 0.999200 0.038019 -1.443894 0.753509 0.015656 -0.657251 94.503677
-0.657818 0.035742 -0.752329 -144.493973 0.011631 0.999236 0.037302 -1.433975 0.753088 0.015787 -0.657731 93.846497
-0.657964 0.035373 -0.752218 -145.230118 0.011043 0.999242 0.037330 -1.422453 0.752968 0.016255 -0.657856 93.199326
-0.657954 0.033200 -0.752326 -145.958618 0.006943 0.999253 0.038025 -1.406633 0.753026 0.019796 -0.657692 92.547043
-0.657309 0.033130 -0.752893 -146.700882 0.007409 0.999269 0.037503 -1.394507 0.753585 0.019073 -0.657074 91.900932
-0.656437 0.031814 -0.753710 -147.418884 0.006425 0.999310 0.036585 -1.378247 0.754354 0.019173 -0.656188 91.256424
-0.655141 0.029989 -0.754911 -148.159668 0.005291 0.999370 0.035108 -1.368758 0.755488 0.019007 -0.654887 90.603264
-0.653834 0.029817 -0.756050 -148.903976 0.004157 0.999350 0.035817 -1.350911 0.756627 0.020276 -0.653533 89.958153
-0.652789 0.032491 -0.756843 -149.650620 0.005649 0.999261 0.038025 -1.343772 0.757519 0.020547 -0.652490 89.309303
-0.651726 0.037475 -0.757528 -150.402710 0.006987 0.999033 0.043410 -1.322150 0.758422 0.022999 -0.651358 88.656975
-0.650900 0.043485 -0.757917 -151.155670 0.008879 0.998726 0.049676 -1.299085 0.759111 0.025605 -0.650457 88.011360
-0.650511 0.046074 -0.758098 -151.906097 0.011400 0.998638 0.050911 -1.276878 0.759412 0.024476 -0.650150 87.368782
-0.650357 0.043358 -0.758391 -152.658707 0.012321 0.998841 0.046539 -1.254058 0.759529 0.020923 -0.650137 86.719849
-0.650252 0.039612 -0.758686 -153.392059 0.011641 0.999042 0.042183 -1.230956 0.759630 0.018598 -0.650090 86.083023
-0.650074 0.039511 -0.758843 -154.140472 0.011057 0.999033 0.042545 -1.211982 0.759791 0.019267 -0.649882 85.441818
-0.650104 0.041429 -0.758715 -154.875488 0.010461 0.998906 0.045580 -1.186970 0.759773 0.021695 -0.649826 84.795197
-0.650314 0.042984 -0.758449 -155.612823 0.011531 0.998841 0.046722 -1.164469 0.759578 0.021638 -0.650056 84.163445
-0.650914 0.042807 -0.757944 -156.361755 0.012901 0.998888 0.045335 -1.144432 0.759042 0.019731 -0.650743 83.524658
-0.651331 0.042108 -0.757624 -157.095169 0.013286 0.998939 0.044099 -1.127385 0.758677 0.018657 -0.651200 82.883125
-0.652072 0.042505 -0.756964 -157.820923 0.012304 0.998889 0.045490 -1.105451 0.758057 0.020349 -0.651871 82.244751
-0.652545 0.045304 -0.756395 -158.557999 0.012395 0.998716 0.049124 -1.075994 0.757649 0.022680 -0.652268 81.605347
-0.652935 0.048259 -0.755875 -159.297379 0.013479 0.998550 0.052109 -1.053214 0.757294 0.023835 -0.652639 80.969971
-0.653463 0.049682 -0.755326 -160.026108 0.014945 0.998496 0.052748 -1.028654 0.756811 0.023180 -0.653223 80.342934
-0.654192 0.049449 -0.754711 -160.738251 0.016057 0.998544 0.051506 -1.005857 0.756158 0.021576 -0.654033 79.716797
-0.654595 0.048440 -0.754426 -161.460022 0.016118 0.998612 0.050134 -0.982240 0.755808 0.020658 -0.654467 79.096085
-0.655021 0.046229 -0.754195 -162.174011 0.013954 0.998697 0.049096 -0.956425 0.755482 0.021635 -0.654812 78.465698
-0.654383 0.044139 -0.754874 -162.892319 0.011270 0.998753 0.048630 -0.929244 0.756079 0.023315 -0.654065 77.824181
-0.653809 0.043133 -0.755429 -163.607330 0.010117 0.998783 0.048272 -0.906588 0.756592 0.023918 -0.653450 77.194717
-0.653361 0.042297 -0.755864 -164.315063 0.008617 0.998789 0.048442 -0.886833 0.756997 0.025136 -0.652934 76.563339
-0.652841 0.042014 -0.756329 -165.026703 0.007567 0.998773 0.048951 -0.859007 0.757457 0.026234 -0.652358 75.937462
-0.652210 0.042421 -0.756850 -165.731247 0.007922 0.998760 0.049153 -0.837937 0.757997 0.026063 -0.651738 75.326469
-0.651900 0.041203 -0.757185 -166.446899 0.007363 0.998820 0.048012 -0.815593 0.758269 0.025724 -0.651434 74.697647
-0.651170 0.040281 -0.757862 -167.149384 0.007275 0.998876 0.046841 -0.798724 0.758897 0.024988 -0.650731 74.094040
-0.650663 0.040878 -0.758266 -167.857727 0.008250 0.998872 0.046770 -0.773590 0.759322 0.024176 -0.650266 73.476440
-0.650000 0.043698 -0.758677 -168.574722 0.011019 0.998782 0.048087 -0.745901 0.759854 0.022897 -0.649690 72.878975
-0.649766 0.044158 -0.758851 -169.272293 0.011291 0.998762 0.048451 -0.727185 0.760051 0.022914 -0.649460 72.276436
-0.649556 0.042319 -0.759135 -169.964828 0.011022 0.998869 0.046253 -0.707624 0.760234 0.021677 -0.649288 71.678352
-0.648915 0.040413 -0.759787 -170.658463 0.012455 0.999019 0.042499 -0.685535 0.760759 0.018115 -0.648782 71.088737
-0.648025 0.039312 -0.760604 -171.334549 0.012263 0.999076 0.041190 -0.672201 0.761521 0.017365 -0.647908 70.503784
-0.647362 0.038442 -0.761212 -172.021851 0.009752 0.999063 0.042160 -0.657796 0.762120 0.019870 -0.647131 69.902855
-0.647030 0.038695 -0.761482 -172.694733 0.008852 0.999025 0.043244 -0.637237 0.762413 0.021239 -0.646742 69.320366
-0.647110 0.038394 -0.761429 -173.363235 0.008562 0.999034 0.043098 -0.625735 0.762348 0.021370 -0.646814 68.746475
-0.647142 0.038412 -0.761401 -174.020447 0.009090 0.999048 0.042675 -0.611403 0.762315 0.020696 -0.646875 68.185394
-0.647042 0.038508 -0.761481 -174.659622 0.009281 0.999048 0.042635 -0.600996 0.762398 0.020520 -0.646783 67.635750
-0.647133 0.038252 -0.761417 -175.298233 0.008823 0.999049 0.042692 -0.586771 0.762326 0.020910 -0.646855 67.076546
-0.647135 0.037806 -0.761437 -175.924500 0.007867 0.999048 0.042918 -0.574044 0.762335 0.021784 -0.646816 66.533813
-0.647196 0.037820 -0.761385 -176.544403 0.007768 0.999044 0.043023 -0.565412 0.762284 0.021930 -0.646871 65.999428
-0.647446 0.038956 -0.761115 -177.160019 0.008419 0.998997 0.043970 -0.551230 0.762065 0.022060 -0.647125 65.474304
-0.647525 0.040262 -0.760980 -177.766388 0.008194 0.998913 0.045879 -0.538364 0.762000 0.023472 -0.647151 64.945343
-0.647518 0.042304 -0.760875 -178.368851 0.008780 0.998806 0.048061 -0.518685 0.762000 0.024439 -0.647116 64.428528
-0.647676 0.044291 -0.760627 -178.966980 0.009765 0.998709 0.049840 -0.507095 0.761853 0.024852 -0.647273 63.919987
-0.647933 0.046578 -0.760272 -179.556870 0.011654 0.998618 0.051248 -0.488625 0.761608 0.024346 -0.647581 63.422844
-0.648217 0.048509 -0.759909 -180.125824 0.013748 0.998552 0.052015 -0.472106 0.761331 0.023270 -0.647945 62.944256
-0.648839 0.049196 -0.759333 -180.676743 0.014491 0.998526 0.052311 -0.458427 0.760787 0.022938 -0.648596 62.466892
-0.649643 0.049475 -0.758628 -181.222443 0.014741 0.998512 0.052495 -0.441227 0.760097 0.022920 -0.649405 61.998241
-0.650584 0.050319 -0.757766 -181.752213 0.016260 0.998497 0.052345 -0.420567 0.759261 0.021733 -0.650424 61.543560
-0.652301 0.050643 -0.756266 -182.282913 0.018428 0.998530 0.050972 -0.404423 0.757736 0.019313 -0.652276 61.089584
-0.655437 0.051581 -0.753486 -182.790421 0.021554 0.998536 0.049606 -0.390065 0.754942 0.016273 -0.655590 60.663700
-0.660118 0.053043 -0.749287 -183.293213 0.024782 0.998498 0.048853 -0.373055 0.750753 0.013680 -0.660441 60.216629
-0.667311 0.054209 -0.742804 -183.771194 0.027154 0.998455 0.048472 -0.361073 0.744284 0.012176 -0.667752 59.782120
-0.675810 0.056065 -0.734941 -184.246902 0.029902 0.998367 0.048665 -0.345148 0.736470 0.010912 -0.676383 59.345139
-0.685425 0.057628 -0.725859 -184.711929 0.032420 0.998290 0.048642 -0.332787 0.727421 0.009808 -0.686121 58.909554
-0.696940 0.059418 -0.714664 -185.165848 0.035182 0.998195 0.048682 -0.313681 0.716266 0.008786 -0.697772 58.461880
-0.710111 0.062001 -0.701354 -185.602768 0.039809 0.998057 0.047924 -0.301993 0.702963 0.006111 -0.711200 58.014484
-0.725359 0.064318 -0.685359 -186.012283 0.043604 0.997919 0.047502 -0.290632 0.686988 0.004572 -0.726654 57.576664
-0.742726 0.065101 -0.666423 -186.416489 0.044851 0.997864 0.047491 -0.283595 0.668091 0.005383 -0.744060 57.117584
-0.761742 0.063793 -0.644732 -186.787155 0.043043 0.997925 0.047885 -0.278104 0.646449 0.008724 -0.762907 56.644623
-0.781506 0.062050 -0.620804 -187.135010 0.040698 0.997993 0.048518 -0.269468 0.622569 0.012652 -0.782463 56.168442
-0.802290 0.059829 -0.593929 -187.449081 0.038392 0.998076 0.048680 -0.265739 0.595699 0.016254 -0.803043 55.685162
-0.824032 0.058019 -0.563565 -187.735580 0.037033 0.998131 0.048608 -0.255127 0.565332 0.019184 -0.824641 55.205303
-0.846232 0.058408 -0.529603 -188.020493 0.038196 0.998066 0.049041 -0.244844 0.531444 0.021271 -0.846826 54.728725
-0.869525 0.053923 -0.490937 -188.256577 0.034454 0.998223 0.048618 -0.249661 0.492686 0.025360 -0.869838 54.235062
-0.892127 0.045649 -0.449472 -188.451660 0.027589 0.998530 0.046653 -0.246355 0.450941 0.029220 -0.892075 53.748837
-0.912549 0.033881 -0.407561 -188.613068 0.017550 0.998889 0.043743 -0.243246 0.408590 0.032765 -0.912130 53.264332
-0.930916 0.024370 -0.364419 -188.738297 0.010336 0.999130 0.040411 -0.231519 0.365087 0.033852 -0.930358 52.789207
-0.947507 0.016925 -0.319285 -188.863907 0.005649 0.999328 0.036208 -0.227194 0.319684 0.032504 -0.946967 52.313419
-0.962170 0.013843 -0.272097 -188.982315 0.004988 0.999436 0.033210 -0.209921 0.272403 0.030596 -0.961697 51.823017
-0.974738 0.011837 -0.223039 -189.074722 0.004602 0.999447 0.032933 -0.202779 0.223306 0.031075 -0.974253 51.342999
-0.984748 0.010349 -0.173676 -189.145935 0.004506 0.999412 0.034000 -0.198663 0.173925 0.032699 -0.984216 50.853874
-0.992319 0.001609 -0.123698 -189.168549 -0.003118 0.999272 0.038017 -0.212465 0.123669 0.038110 -0.991591 50.360260
-0.997264 -0.008930 -0.073387 -189.160751 -0.012099 0.999009 0.042842 -0.205450 0.072932 0.043612 -0.996383 49.862839
-0.999695 -0.010812 -0.022215 -189.147354 -0.011802 0.998920 0.044945 -0.169070 0.021705 0.045193 -0.998742 49.376724
-0.999526 -0.006264 0.030156 -189.147461 -0.004945 0.999037 0.043601 -0.153338 -0.030400 0.043432 -0.998594 48.901333
-0.996605 -0.000600 0.082333 -189.125549 0.002862 0.999117 0.041920 -0.155995 -0.082285 0.042013 -0.995723 48.439701
-0.991043 0.002248 0.133521 -189.066788 0.007544 0.999204 0.039172 -0.149541 -0.133327 0.039829 -0.990271 47.997005
-0.982961 0.002521 0.183796 -188.974243 0.009569 0.999252 0.037474 -0.154436 -0.183564 0.038594 -0.982250 47.563522
-0.972429 0.001849 0.233191 -188.860687 0.010203 0.999348 0.034623 -0.147307 -0.232975 0.036047 -0.971815 47.132099
-0.959221 0.002659 0.282645 -188.720154 0.012164 0.999418 0.031881 -0.127007 -0.282395 0.034019 -0.958695 46.703583
-0.943471 0.006977 0.331383 -188.577774 0.017861 0.999396 0.029811 -0.097786 -0.330975 0.034045 -0.943025 46.284107
-0.926542 0.007856 0.376108 -188.406769 0.020395 0.999361 0.029369 -0.118562 -0.375637 0.034883 -0.926110 45.871433
-0.908726 0.001769 0.417390 -188.188553 0.016121 0.999394 0.030862 -0.124459 -0.417083 0.034774 -0.908203 45.463432
-0.890335 -0.002425 0.455300 -187.956436 0.014699 0.999311 0.034067 -0.108045 -0.455069 0.037024 -0.889686 45.055550
-0.872272 -0.001933 0.489017 -187.723938 0.018552 0.999141 0.037042 -0.096261 -0.488668 0.041383 -0.871488 44.643970
-0.855357 -0.000007 0.518039 -187.484085 0.023644 0.998957 0.039053 -0.098534 -0.517499 0.045653 -0.854465 44.250942
-0.839388 -0.000483 0.543533 -187.217636 0.025357 0.998876 0.040047 -0.102741 -0.542941 0.047398 -0.838432 43.860252
-0.825251 -0.001961 0.564763 -186.929153 0.025109 0.998878 0.040159 -0.092271 -0.564208 0.047322 -0.824276 43.484634
-0.813020 -0.002755 0.582229 -186.631958 0.024952 0.998905 0.039570 -0.084333 -0.581700 0.046699 -0.812061 43.102272
-0.802956 -0.003640 0.596027 -186.319885 0.024250 0.998954 0.038771 -0.073710 -0.595544 0.045586 -0.802028 42.722443
-0.794766 -0.004561 0.606899 -186.001816 0.023407 0.998998 0.038160 -0.069290 -0.606464 0.044533 -0.793863 42.327618
-0.788156 -0.005673 0.615449 -185.682251 0.021712 0.999079 0.037014 -0.057125 -0.615092 0.042536 -0.787307 41.946957
-0.782875 -0.005157 0.622158 -185.345413 0.021029 0.999175 0.034743 -0.049791 -0.621824 0.040283 -0.782120 41.540497
-0.778449 -0.004946 0.627689 -185.019058 0.020397 0.999242 0.033169 -0.036217 -0.627377 0.038623 -0.777758 41.139679
-0.774957 -0.003437 0.632005 -184.683258 0.021896 0.999239 0.032283 -0.023285 -0.631635 0.038856 -0.774292 40.727753
-0.772369 -0.001146 0.635174 -184.329285 0.024696 0.999188 0.031833 -0.021292 -0.634694 0.040274 -0.771713 40.292461
-0.770045 -0.001344 0.637988 -183.960129 0.023736 0.999245 0.030754 -0.022530 -0.637548 0.038826 -0.769432 39.856621
-0.768484 -0.004250 0.639855 -183.576508 0.019201 0.999374 0.029699 -0.022143 -0.639581 0.035109 -0.767922 39.436424
-0.767663 -0.007530 0.640810 -183.183334 0.014926 0.999450 0.029626 -0.005345 -0.640680 0.032308 -0.767128 39.000427
-0.767103 -0.005718 0.641498 -182.795181 0.017827 0.999384 0.030225 0.012242 -0.641276 0.034622 -0.766529 38.533150
-0.767171 -0.002164 0.641440 -182.411880 0.022431 0.999292 0.030200 0.020125 -0.641051 0.037557 -0.766579 38.058491
-0.767634 -0.000093 0.640888 -182.013962 0.024483 0.999266 0.029470 0.017358 -0.640421 0.038313 -0.767068 37.572441
-0.767831 0.002736 0.640646 -181.597946 0.024929 0.999361 0.025610 0.025246 -0.640167 0.035635 -0.767409 37.086571
-0.768161 0.005507 0.640233 -181.165802 0.023075 0.999552 0.019087 0.031711 -0.639841 0.029435 -0.767943 36.596367
-0.768699 0.005797 0.639585 -180.732651 0.019948 0.999690 0.014915 0.042556 -0.639300 0.024224 -0.768576 36.092907
-0.768920 0.003800 0.639333 -180.281616 0.017360 0.999738 0.014936 0.042506 -0.639109 0.022584 -0.768784 35.554012
-0.769185 0.000563 0.639026 -179.814606 0.015156 0.999734 0.017362 0.043590 -0.638847 0.023039 -0.768989 35.011143
-0.769437 -0.005875 0.638696 -179.331833 0.008945 0.999761 0.019972 0.041448 -0.638660 0.021081 -0.769200 34.451534
-0.769133 -0.008250 0.639035 -178.844467 0.006751 0.999756 0.021032 0.048175 -0.639053 0.020490 -0.768890 33.882412
-0.768853 -0.010832 0.639333 -178.346436 0.004579 0.999738 0.022445 0.050274 -0.639409 0.020184 -0.768602 33.294807
-0.768988 -0.015317 0.639079 -177.824570 0.001564 0.999665 0.025842 0.059763 -0.639261 0.020871 -0.768707 32.697323
-0.769084 -0.017479 0.638909 -177.306702 0.002094 0.999552 0.029866 0.072746 -0.639145 0.024307 -0.768702 32.070610
-0.768912 -0.017951 0.639103 -176.767822 0.002744 0.999504 0.031375 0.085643 -0.639349 0.025879 -0.768481 31.436340
-0.768696 -0.015347 0.639430 -176.232422 0.004416 0.999561 0.029299 0.092613 -0.639599 0.025346 -0.768291 30.806519
-0.768174 -0.013706 0.640094 -175.703400 0.004240 0.999640 0.026494 0.106345 -0.640226 0.023066 -0.767840 30.169748
-0.768003 -0.016332 0.640238 -175.142868 0.001970 0.999610 0.027863 0.110813 -0.640444 0.022660 -0.767671 29.516487
-0.768166 -0.019429 0.639956 -174.586487 0.001816 0.999469 0.032524 0.131889 -0.640248 0.026146 -0.767723 28.849882
-0.768235 -0.016096 0.639966 -174.036835 0.007973 0.999366 0.034706 0.148218 -0.640118 0.031764 -0.767619 28.164982
-0.767982 -0.013213 0.640334 -173.463287 0.011130 0.999361 0.033971 0.161471 -0.640374 0.033216 -0.767345 27.473539
-0.767889 -0.006671 0.640548 -172.903595 0.016759 0.999394 0.030498 0.174713 -0.640363 0.034154 -0.767313 26.785425
-0.767891 -0.002123 0.640577 -172.332870 0.019630 0.999447 0.026844 0.185821 -0.640279 0.033188 -0.767425 26.093172
-0.768050 -0.000606 0.640390 -171.744522 0.019636 0.999507 0.024496 0.194544 -0.640089 0.031389 -0.767659 25.391232
-0.768549 -0.002033 0.639788 -171.136063 0.017677 0.999546 0.024412 0.196875 -0.639547 0.030072 -0.768164 24.681910
-0.769033 -0.005264 0.639188 -170.526443 0.015462 0.999520 0.026835 0.202729 -0.639023 0.030520 -0.768582 23.965502
-0.769472 -0.008310 0.638626 -169.918259 0.014192 0.999446 0.030104 0.214258 -0.638523 0.032228 -0.768928 23.242167
-0.769913 -0.008664 0.638090 -169.309036 0.015743 0.999346 0.032564 0.226840 -0.637955 0.035116 -0.769273 22.511360
-0.770078 -0.006192 0.637920 -168.721237 0.019998 0.999227 0.033840 0.238868 -0.637636 0.038817 -0.769359 21.779812
-0.770510 -0.002905 0.637421 -168.121078 0.025525 0.999047 0.035407 0.244221 -0.636916 0.043552 -0.769702 21.047112
-0.770265 -0.003253 0.637716 -167.530289 0.027997 0.998850 0.038912 0.250425 -0.637110 0.047827 -0.769288 20.317844
-0.770265 -0.004109 0.637711 -166.933792 0.031513 0.998512 0.044497 0.270342 -0.636945 0.054371 -0.768989 19.586018
-0.770346 -0.003881 0.637614 -166.335464 0.035856 0.998135 0.049396 0.295244 -0.636617 0.060914 -0.768771 18.851677
-0.770487 -0.000028 0.637456 -165.745682 0.039927 0.998034 0.048304 0.315294 -0.636204 0.062669 -0.768971 18.120535
-0.770709 0.005606 0.637162 -165.157593 0.041234 0.998304 0.041094 0.328172 -0.635851 0.057944 -0.769634 17.422417
-0.771445 0.010060 0.636216 -164.573502 0.040047 0.998660 0.032767 0.345435 -0.635034 0.050757 -0.770815 16.731262
-0.772012 0.010924 0.635514 -163.981598 0.038962 0.998785 0.030162 0.352725 -0.634413 0.048046 -0.771500 16.019800
-0.772573 0.007940 0.634876 -163.381012 0.037150 0.998774 0.032715 0.361744 -0.633838 0.048860 -0.771921 15.311046
-0.773206 0.007239 0.634113 -162.799271 0.038169 0.998653 0.035141 0.370345 -0.633005 0.051374 -0.772441 14.600340
-0.773773 0.006929 0.633425 -162.221893 0.038997 0.998565 0.036714 0.377411 -0.632262 0.053110 -0.772932 13.893384
-0.775882 0.005056 0.630857 -161.634384 0.036666 0.998639 0.037091 0.385930 -0.629811 0.051910 -0.775012 13.199737
-0.779925 0.002786 0.625867 -161.050110 0.033885 0.998711 0.037779 0.394745 -0.624955 0.050672 -0.779014 12.511635
-0.785453 0.001604 0.618920 -160.484650 0.032041 0.998761 0.038074 0.409650 -0.618092 0.049736 -0.784531 11.816510
-0.792690 0.002251 0.609621 -159.932587 0.032136 0.998757 0.038098 0.419877 -0.608778 0.049791 -0.791777 11.115589
-0.801540 0.003005 0.597934 -159.395340 0.032950 0.998690 0.039151 0.437154 -0.597033 0.051083 -0.800588 10.406693
-0.811927 0.002747 0.583753 -158.870224 0.033858 0.998527 0.042393 0.453542 -0.582777 0.054185 -0.810824 9.688215
-0.823856 0.003306 0.566789 -158.362442 0.036044 0.998265 0.046569 0.460761 -0.565652 0.058796 -0.822546 8.952140
-0.837512 0.006668 0.546378 -157.873596 0.039289 0.998072 0.048043 0.483623 -0.545004 0.061703 -0.836160 8.217118
-0.852363 0.010100 0.522853 -157.410324 0.042008 0.997905 0.049205 0.502616 -0.521260 0.063904 -0.851002 7.480127
-0.868377 0.012573 0.495746 -156.974823 0.043332 0.997779 0.050598 0.534741 -0.494009 0.065420 -0.866992 6.724690
-0.884129 0.014510 0.467018 -156.567612 0.044306 0.997617 0.052881 0.544849 -0.465138 0.067445 -0.882665 5.962964
-0.898804 0.020796 0.437856 -156.189789 0.047708 0.997581 0.050550 0.589549 -0.435746 0.066324 -0.897623 5.191195
-0.912593 0.027101 0.407969 -155.850098 0.048812 0.997886 0.042899 0.614803 -0.405944 0.059063 -0.911987 4.430688
-0.925585 0.031502 0.377227 -155.524078 0.048270 0.998218 0.035078 0.631163 -0.375449 0.050677 -0.925456 3.669331
-0.937694 0.030429 0.346129 -155.208755 0.043684 0.998578 0.030556 0.626078 -0.344707 0.043773 -0.937689 2.886321
-0.948425 0.025863 0.315945 -154.903412 0.037724 0.998792 0.031482 0.633292 -0.314750 0.041777 -0.948255 2.085400
-0.957189 0.025408 0.288346 -154.642975 0.036022 0.998852 0.031563 0.649280 -0.287214 0.040598 -0.957006 1.269328
-0.964258 0.027236 0.263560 -154.412247 0.036586 0.998861 0.030631 0.664532 -0.262425 0.039179 -0.964157 0.441853
-0.969766 0.030168 0.242163 -154.197830 0.038368 0.998836 0.029217 0.673414 -0.241000 0.037625 -0.969796 -0.399658
-0.974295 0.028061 0.223523 -153.999695 0.036183 0.998822 0.032323 0.660285 -0.222353 0.039580 -0.974163 -1.248379
-0.978463 0.025306 0.204866 -153.798050 0.033692 0.998726 0.037552 0.680057 -0.203655 0.043646 -0.978069 -2.112308
-0.982156 0.025724 0.186299 -153.607361 0.033647 0.998653 0.039488 0.704902 -0.185032 0.045052 -0.981699 -2.985361
-0.985260 0.026343 0.169020 -153.451752 0.033402 0.998679 0.039057 0.730256 -0.167768 0.044126 -0.984838 -3.867978
-0.987895 0.026269 0.152884 -153.294632 0.032025 0.998863 0.035308 0.745936 -0.151783 0.039777 -0.987613 -4.744834
-0.989905 0.028447 0.138845 -153.173615 0.033347 0.998896 0.033097 0.760297 -0.137750 0.037393 -0.989761 -5.650680
-0.991184 0.031990 0.128572 -153.058929 0.037009 0.998636 0.036838 0.778209 -0.127218 0.041272 -0.991016 -6.577586
-0.991866 0.036942 0.121808 -152.967087 0.042883 0.997997 0.046515 0.786990 -0.119845 0.051360 -0.991463 -7.530582
-0.992096 0.040873 0.118636 -152.857056 0.047592 0.997386 0.054366 0.827056 -0.116104 0.059582 -0.991448 -8.476604
-0.992226 0.041832 0.117208 -152.739960 0.048563 0.997295 0.055167 0.854953 -0.114583 0.060430 -0.991574 -9.435796
-0.992402 0.040347 0.116236 -152.614044 0.046696 0.997532 0.052430 0.892022 -0.113834 0.057460 -0.991837 -10.376801
-0.992674 0.035960 0.115346 -152.483566 0.041808 0.997939 0.048687 0.918129 -0.113358 0.053153 -0.992131 -11.335377
-0.992995 0.028309 0.114718 -152.340393 0.033850 0.998338 0.046646 0.943564 -0.113207 0.050203 -0.992302 -12.287659
-0.993134 0.022712 0.114760 -152.203751 0.028253 0.998501 0.046887 0.976562 -0.113523 0.049808 -0.992286 -13.275966
-0.993128 0.019645 0.115376 -152.077240 0.025381 0.998503 0.048454 1.014027 -0.114252 0.051049 -0.992139 -14.267917
-0.993075 0.017506 0.116168 -151.949799 0.023465 0.998467 0.050134 1.037084 -0.115112 0.052513 -0.991964 -15.278483
-0.992950 0.017834 0.117182 -151.819092 0.023892 0.998438 0.050499 1.068429 -0.116098 0.052943 -0.991826 -16.283133
-0.992846 0.016152 0.118305 -151.685379 0.022153 0.998524 0.049583 1.096999 -0.117330 0.051849 -0.991739 -17.303482
-0.992765 0.014976 0.119139 -151.556747 0.020776 0.998651 0.047586 1.129775 -0.118265 0.049717 -0.991737 -18.327126
-0.992715 0.012875 0.119794 -151.425629 0.018463 0.998787 0.045657 1.156437 -0.119060 0.047536 -0.991748 -19.350893
-0.992775 0.010082 0.119567 -151.284424 0.015536 0.998876 0.044773 1.181469 -0.118981 0.046307 -0.991816 -20.373667
-0.992943 0.007889 0.118332 -151.156815 0.013275 0.998908 0.044800 1.208137 -0.117850 0.046054 -0.991963 -21.410723
-0.993135 0.005468 0.116845 -151.018570 0.010885 0.998893 0.045770 1.234468 -0.116466 0.046727 -0.992095 -22.469957
-0.993330 0.006055 0.115147 -150.885635 0.011452 0.998863 0.046267 1.262344 -0.114736 0.047277 -0.992270 -23.517937
-0.993455 0.004901 0.114120 -150.747849 0.010313 0.998847 0.046889 1.284038 -0.113758 0.047759 -0.992360 -24.567844
-0.993594 0.004501 0.112921 -150.625641 0.010005 0.998787 0.048218 1.314492 -0.112567 0.049039 -0.992433 -25.632864
-0.993686 0.003125 0.112155 -150.494705 0.008825 0.998692 0.050368 1.335168 -0.111851 0.051039 -0.992413 -26.688780
-0.993795 0.003690 0.111165 -150.369659 0.009503 0.998612 0.051802 1.363775 -0.110819 0.052537 -0.992451 -27.735182
-0.993923 0.003401 0.110024 -150.242676 0.009077 0.998651 0.051127 1.390356 -0.109702 0.051815 -0.992613 -28.772291
-0.994017 0.003312 0.109176 -150.121597 0.008700 0.998765 0.048914 1.421261 -0.108879 0.049571 -0.992818 -29.804529
-0.994119 0.001266 0.108289 -150.001373 0.006471 0.998839 0.047733 1.447892 -0.108103 0.048153 -0.992973 -30.843925
-0.994247 0.001067 0.107107 -149.884216 0.006228 0.998835 0.047860 1.474090 -0.106931 0.048252 -0.993095 -31.887415
-0.994422 -0.000287 0.105472 -149.755936 0.004896 0.998793 0.048880 1.497621 -0.105359 0.049124 -0.993220 -32.932716
-0.994711 -0.001021 0.102709 -149.639236 0.004164 0.998727 0.050262 1.521480 -0.102629 0.050424 -0.993441 -33.978794
-0.994984 -0.001217 0.100028 -149.523102 0.003842 0.998723 0.050366 1.548788 -0.099962 0.050497 -0.993709 -35.008545
-0.995278 -0.000719 0.097059 -149.421127 0.004096 0.998771 0.049400 1.571671 -0.096976 0.049565 -0.994052 -36.019215
-0.995571 -0.002091 0.093988 -149.297791 0.002509 0.998805 0.048799 1.597770 -0.093978 0.048819 -0.994377 -37.065426
-0.995846 -0.003724 0.090979 -149.189560 0.000818 0.998757 0.049834 1.629084 -0.091052 0.049701 -0.994605 -38.081913
-0.996105 -0.002550 0.088133 -149.094955 0.001994 0.998674 0.051438 1.648134 -0.088147 0.051413 -0.994780 -39.118652
-0.996341 -0.001556 0.085456 -148.999100 0.002953 0.998611 0.052609 1.681756 -0.085419 0.052669 -0.994952 -40.142311
-0.996550 -0.000685 0.082993 -148.907501 0.003729 0.998586 0.053022 1.712487 -0.082912 0.053148 -0.995139 -41.160660
-0.996725 -0.001879 0.080846 -148.819199 0.002369 0.998622 0.052417 1.737969 -0.080834 0.052437 -0.995347 -42.161873
-0.996885 -0.001221 0.078865 -148.737091 0.002899 0.998637 0.052107 1.767601 -0.078821 0.052173 -0.995523 -43.182823
-0.997005 -0.003031 0.077283 -148.651535 0.001017 0.998632 0.052286 1.794612 -0.077335 0.052208 -0.995637 -44.199329
-0.997086 -0.004316 0.076169 -148.560791 -0.000319 0.998626 0.052408 1.832566 -0.076290 0.052231 -0.995717 -45.206367
-0.997146 -0.003532 0.075411 -148.480728 0.000330 0.998692 0.051136 1.853841 -0.075493 0.051015 -0.995840 -46.205303
-0.997185 -0.001547 0.074967 -148.399429 0.002020 0.998870 0.047483 1.862139 -0.074956 0.047501 -0.996055 -47.198833
-0.997192 -0.003301 0.074818 -148.309250 0.000022 0.999015 0.044374 1.892244 -0.074891 0.044251 -0.996209 -48.173988
-0.997200 -0.003319 0.074709 -148.230026 -0.000055 0.999047 0.043650 1.915309 -0.074783 0.043524 -0.996250 -49.173065
-0.997155 -0.003720 0.075282 -148.148239 -0.000377 0.999015 0.044364 1.946279 -0.075373 0.044209 -0.996175 -50.167141
-0.997107 -0.002843 0.075953 -148.076782 0.000607 0.998970 0.045365 1.964486 -0.076004 0.045280 -0.996079 -51.154770
-0.997043 -0.003194 0.076782 -147.996948 0.000373 0.998923 0.046390 1.984043 -0.076848 0.046281 -0.995968 -52.145256
-0.996955 -0.001580 0.077962 -147.924042 0.002101 0.998887 0.047113 2.001440 -0.077950 0.047133 -0.995843 -53.134789
-0.996906 -0.001638 0.078590 -147.840866 0.002146 0.998843 0.048041 2.024513 -0.078578 0.048061 -0.995749 -54.115788
-0.996829 -0.003713 0.079489 -147.756241 0.000099 0.998852 0.047904 2.045996 -0.079575 0.047760 -0.995684 -55.081284
-0.996747 -0.004285 0.080478 -147.666260 -0.000472 0.998878 0.047347 2.068523 -0.080590 0.047155 -0.995631 -56.052792
-0.996619 -0.000824 0.082152 -147.592163 0.002985 0.998927 0.046222 2.089163 -0.082102 0.046311 -0.995547 -57.017418
-0.996410 -0.001653 0.084644 -147.502411 0.002199 0.998967 0.045397 2.110216 -0.084631 0.045421 -0.995377 -57.996826
-0.996172 -0.002064 0.087395 -147.415253 0.001865 0.998992 0.044854 2.131592 -0.087400 0.044845 -0.995163 -58.942249
-0.995972 -0.001080 0.089664 -147.323700 0.002878 0.999028 0.043996 2.153189 -0.089624 0.044077 -0.995000 -59.897556
-0.995811 -0.001033 0.091432 -147.236160 0.002925 0.999064 0.043148 2.166817 -0.091391 0.043234 -0.994876 -60.850647
-0.995704 -0.002365 0.092562 -147.140823 0.001673 0.999051 0.043522 2.182871 -0.092577 0.043490 -0.994755 -61.782982
-0.995677 -0.002461 0.092853 -147.046692 0.001744 0.998978 0.045174 2.205539 -0.092870 0.045141 -0.994654 -62.712933
-0.995708 -0.004468 0.092437 -146.955490 -0.000135 0.998903 0.046829 2.226581 -0.092545 0.046615 -0.994617 -63.631020
-0.995816 -0.004406 0.091276 -146.863312 -0.000011 0.998843 0.048089 2.241509 -0.091383 0.047887 -0.994664 -64.543121
-0.995940 -0.004107 0.089930 -146.777878 0.000246 0.998831 0.048345 2.262029 -0.090024 0.048171 -0.994774 -65.443420
-0.996122 -0.005560 0.087804 -146.685913 -0.001293 0.998819 0.048578 2.275844 -0.087971 0.048276 -0.994953 -66.325279
-0.996435 -0.005484 0.084183 -146.606201 -0.001376 0.998809 0.048771 2.296726 -0.084350 0.048481 -0.995256 -67.184822
-0.996878 -0.005533 0.078765 -146.523071 -0.001672 0.998797 0.049001 2.316492 -0.078941 0.048716 -0.995688 -68.025414
-0.997416 -0.004740 0.071683 -146.455063 -0.001201 0.998782 0.049327 2.337712 -0.071830 0.049113 -0.996207 -68.850304
-0.997962 -0.002424 0.063770 -146.405701 0.000769 0.998749 0.050004 2.349355 -0.063811 0.049951 -0.996711 -69.646332
-0.998428 -0.000248 0.056052 -146.354660 0.002616 0.998694 0.051022 2.375039 -0.055991 0.051088 -0.997123 -70.435997
-0.998840 0.002459 0.048095 -146.324783 0.004939 0.998660 0.051517 2.385655 -0.047903 0.051694 -0.997513 -71.213554
-0.999167 0.004088 0.040600 -146.294693 0.006202 0.998623 0.052086 2.404536 -0.040331 0.052295 -0.997817 -71.955238
-0.999433 0.004734 0.033350 -146.268814 0.006489 0.998589 0.052706 2.421993 -0.033054 0.052893 -0.998053 -72.677368
-0.999625 0.006719 0.026546 -146.248566 0.008118 0.998565 0.052931 2.436170 -0.026152 0.053127 -0.998245 -73.372864
-0.999761 0.008249 0.020266 -146.243790 0.009308 0.998565 0.052746 2.448074 -0.019802 0.052922 -0.998402 -74.027199
-0.999862 0.008380 0.014372 -146.230423 0.009120 0.998595 0.052209 2.463711 -0.013915 0.052332 -0.998533 -74.671829
-0.999910 0.010022 0.008970 -146.230927 0.010474 0.998600 0.051852 2.479952 -0.008437 0.051942 -0.998614 -75.276230
-0.999920 0.011940 0.004103 -146.235214 0.012136 0.998593 0.051616 2.488815 -0.003481 0.051662 -0.998659 -75.858543
-0.999916 0.012938 -0.000160 -146.236771 0.012912 0.998516 0.052905 2.500815 0.000844 0.052898 -0.998600 -76.409874
-0.999902 0.013222 -0.004507 -146.247040 0.012956 0.998423 0.054615 2.516065 0.005222 0.054552 -0.998497 -76.939987
-0.999860 0.014530 -0.008289 -146.248779 0.014050 0.998369 0.055329 2.525805 0.009080 0.055205 -0.998434 -77.430367
-0.999813 0.015726 -0.011266 -146.252075 0.015072 0.998321 0.055923 2.537976 0.012126 0.055743 -0.998372 -77.912750
-0.999752 0.017438 -0.013860 -146.270721 0.016623 0.998244 0.056853 2.542839 0.014827 0.056609 -0.998286 -78.344246
-0.999692 0.019192 -0.015732 -146.285370 0.018265 0.998203 0.057077 2.553463 0.016799 0.056772 -0.998246 -78.747437
-0.999649 0.020277 -0.017074 -146.295212 0.019260 0.998146 0.057744 2.559619 0.018213 0.057395 -0.998185 -79.128929
-0.999641 0.020140 -0.017682 -146.299576 0.019078 0.998118 0.058278 2.573377 0.018822 0.057920 -0.998144 -79.467041
-0.999650 0.019976 -0.017329 -146.303680 0.018927 0.998095 0.058726 2.584771 0.018469 0.058377 -0.998124 -79.776924
-0.999685 0.018800 -0.016632 -146.303375 0.017796 0.998122 0.058614 2.594823 0.017703 0.058299 -0.998142 -80.054932
-0.999741 0.017193 -0.014923 -146.300766 0.016297 0.998169 0.058247 2.600873 0.015897 0.057989 -0.998191 -80.295746
-0.999787 0.016265 -0.012690 -146.291168 0.015505 0.998205 0.057851 2.607387 0.013608 0.057642 -0.998245 -80.524544
-0.999833 0.015281 -0.010061 -146.287567 0.014688 0.998291 0.056556 2.616300 0.010908 0.056399 -0.998349 -80.730988
-0.999871 0.014201 -0.007508 -146.289490 0.013774 0.998435 0.054201 2.618108 0.008266 0.054090 -0.998502 -80.917793
-0.999878 0.014771 -0.005042 -146.291779 0.014486 0.998522 0.052388 2.618204 0.005808 0.052309 -0.998614 -81.106003
-0.999879 0.015332 -0.002771 -146.297974 0.015166 0.998505 0.052509 2.619936 0.003572 0.052460 -0.998617 -81.292175
-0.999890 0.014818 -0.000379 -146.290833 0.014777 0.998462 0.053432 2.623218 0.001171 0.053421 -0.998571 -81.474998
-0.999910 0.013260 0.002158 -146.286469 0.013356 0.998479 0.053489 2.631454 -0.001446 0.053513 -0.998566 -81.644775
-0.999920 0.011594 0.004971 -146.272858 0.011842 0.998528 0.052940 2.637069 -0.004350 0.052994 -0.998585 -81.801163
-0.999890 0.012060 0.008580 -146.270660 0.012493 0.998550 0.052355 2.643012 -0.007936 0.052457 -0.998592 -81.948441
-0.999829 0.012987 0.013158 -146.270859 0.013651 0.998568 0.051722 2.646894 -0.012468 0.051893 -0.998575 -82.088272
-0.999744 0.013104 0.018422 -146.267639 0.014037 0.998575 0.051480 2.647354 -0.017722 0.051726 -0.998504 -82.223648
-0.999621 0.012040 0.024765 -146.258896 0.013296 0.998600 0.051198 2.649911 -0.024114 0.051508 -0.998381 -82.351387
-0.999426 0.009973 0.032362 -146.241653 0.011609 0.998644 0.050741 2.652393 -0.031812 0.051088 -0.998187 -82.469780
-0.999164 0.008197 0.040059 -146.222733 0.010239 0.998645 0.051018 2.654923 -0.039586 0.051386 -0.997894 -82.578400
-0.998872 0.006839 0.047000 -146.207626 0.009254 0.998637 0.051374 2.662148 -0.046584 0.051751 -0.997573 -82.672508
-0.998564 0.005229 0.053318 -146.192963 0.007996 0.998625 0.051818 2.664427 -0.052973 0.052170 -0.997232 -82.750412
-0.998301 0.004586 0.058093 -146.184387 0.007591 0.998638 0.051612 2.668650 -0.057777 0.051965 -0.996976 -82.809540
-0.998058 0.004485 0.062129 -146.177963 0.007667 0.998665 0.051073 2.670030 -0.061817 0.051450 -0.996760 -82.855858
-0.997857 0.004307 0.065296 -146.175125 0.007627 0.998685 0.050690 2.674436 -0.064991 0.051080 -0.996578 -82.889091
-0.997711 0.004660 0.067464 -146.175186 0.008080 0.998691 0.050512 2.674137 -0.067140 0.050941 -0.996442 -82.912407
-0.997584 0.004186 0.069347 -146.171570 0.007690 0.998703 0.050332 2.670878 -0.069046 0.050744 -0.996322 -82.926620
-0.997536 0.003980 0.070048 -146.171173 0.007524 0.998700 0.050415 2.674438 -0.069756 0.050818 -0.996269 -82.932930
-0.997545 0.003948 0.069917 -146.173767 0.007484 0.998702 0.050390 2.674341 -0.069627 0.050789 -0.996279 -82.930321
-0.997532 0.004419 0.070067 -146.174881 0.007946 0.998711 0.050141 2.670459 -0.069755 0.050574 -0.996281 -82.927017
-0.997517 0.004757 0.070261 -146.176666 0.008214 0.998766 0.048984 2.666253 -0.069941 0.049439 -0.996325 -82.925385
-0.997534 0.004706 0.070027 -146.180740 0.008126 0.998784 0.048632 2.664374 -0.069713 0.049081 -0.996359 -82.922272
-0.997531 0.004567 0.070075 -146.175278 0.008002 0.998776 0.048809 2.666960 -0.069766 0.049250 -0.996347 -82.930748
-0.997525 0.004534 0.070167 -146.176926 0.007964 0.998782 0.048685 2.665654 -0.069861 0.049124 -0.996347 -82.924072
-0.997534 0.004522 0.070043 -146.177719 0.007938 0.998789 0.048564 2.664520 -0.069739 0.049000 -0.996361 -82.927979
-0.997523 0.004522 0.070189 -146.178787 0.007957 0.998780 0.048740 2.664807 -0.069883 0.049178 -0.996342 -82.931183
-0.997521 0.004638 0.070219 -146.178329 0.008057 0.998791 0.048486 2.663149 -0.069909 0.048932 -0.996353 -82.927376
-0.997514 0.004599 0.070324 -146.178925 0.008022 0.998793 0.048466 2.664937 -0.070016 0.048910 -0.996346 -82.925644
-0.997509 0.004579 0.070388 -146.180893 0.008010 0.998789 0.048545 2.665733 -0.070081 0.048988 -0.996338 -82.928505
-0.997511 0.004687 0.070355 -146.182434 0.008106 0.998795 0.048401 2.667214 -0.070043 0.048851 -0.996347 -82.927780
-0.997499 0.004535 0.070534 -146.183990 0.007961 0.998798 0.048374 2.667035 -0.070230 0.048815 -0.996336 -82.930168
-0.997490 0.004639 0.070657 -146.186646 0.008069 0.998798 0.048341 2.668348 -0.070348 0.048790 -0.996329 -82.929550
-0.997479 0.004612 0.070805 -146.186478 0.008050 0.998798 0.048355 2.667644 -0.070497 0.048803 -0.996317 -82.930321
-0.997470 0.004538 0.070940 -146.186707 0.007983 0.998798 0.048357 2.669263 -0.070636 0.048801 -0.996308 -82.931030
-0.997468 0.004569 0.070964 -146.186615 0.008007 0.998804 0.048242 2.667292 -0.070659 0.048688 -0.996312 -82.928658
-0.997460 0.004831 0.071067 -146.186874 0.008284 0.998795 0.048375 2.667385 -0.070747 0.048841 -0.996298 -82.926903
-0.997442 0.004801 0.071313 -146.187180 0.008268 0.998794 0.048399 2.667719 -0.070994 0.048865 -0.996279 -82.929146
-0.997415 0.004953 0.071684 -146.190842 0.008434 0.998795 0.048344 2.666080 -0.071358 0.048824 -0.996255 -82.929787
-0.997389 0.005083 0.072032 -146.188950 0.008582 0.998794 0.048344 2.667139 -0.071699 0.048836 -0.996230 -82.927711
-0.997355 0.005203 0.072494 -146.190628 0.008727 0.998791 0.048376 2.665179 -0.072155 0.048880 -0.996195 -82.929268
-0.997326 0.005298 0.072892 -146.190918 0.008834 0.998795 0.048272 2.665052 -0.072548 0.048787 -0.996171 -82.929237
-0.997303 0.005477 0.073189 -146.193817 0.009030 0.998792 0.048293 2.663834 -0.072836 0.048824 -0.996148 -82.929237
-0.997300 0.005548 0.073224 -146.195190 0.009098 0.998795 0.048235 2.664026 -0.072868 0.048771 -0.996148 -82.929062
-0.997299 0.005549 0.073232 -146.195267 0.009094 0.998798 0.048171 2.663829 -0.072876 0.048707 -0.996151 -82.927185
-0.997278 0.005612 0.073516 -146.194763 0.009178 0.998793 0.048260 2.662809 -0.073157 0.048803 -0.996126 -82.932724
-0.997269 0.005777 0.073623 -146.193176 0.009336 0.998800 0.048079 2.665398 -0.073257 0.048635 -0.996127 -82.926414
-0.997255 0.005924 0.073805 -146.194748 0.009496 0.998795 0.048147 2.665205 -0.073431 0.048716 -0.996110 -82.931671
-0.997243 0.005859 0.073972 -146.193527 0.009442 0.998794 0.048185 2.662053 -0.073600 0.048751 -0.996096 -82.926666
-0.997231 0.005998 0.074130 -146.192978 0.009592 0.998791 0.048216 2.665341 -0.073751 0.048794 -0.996082 -82.925064
-0.997222 0.006031 0.074243 -146.193787 0.009636 0.998787 0.048298 2.663919 -0.073862 0.048879 -0.996070 -82.924934
-0.997213 0.006044 0.074360 -146.196304 0.009658 0.998785 0.048334 2.664668 -0.073978 0.048917 -0.996059 -82.921349
-0.997214 0.006145 0.074334 -146.195541 0.009755 0.998786 0.048291 2.664133 -0.073946 0.048881 -0.996064 -82.924431
-0.997204 0.006035 0.074487 -146.196320 0.009651 0.998787 0.048287 2.664495 -0.074105 0.048871 -0.996052 -82.922531
-0.997189 0.006171 0.074678 -146.196045 0.009807 0.998779 0.048419 2.663800 -0.074288 0.049015 -0.996032 -82.923347
-0.997179 0.006110 0.074808 -146.197815 0.009752 0.998780 0.048416 2.662154 -0.074421 0.049009 -0.996022 -82.926094
-0.997164 0.006186 0.075009 -146.197281 0.009832 0.998783 0.048335 2.663218 -0.074619 0.048935 -0.996011 -82.924805
-0.997166 0.006436 0.074958 -146.198517 0.010075 0.998783 0.048281 2.664395 -0.074556 0.048900 -0.996017 -82.923996
-0.997149 0.006465 0.075175 -146.194901 0.010108 0.998787 0.048187 2.661489 -0.074772 0.048809 -0.996005 -82.924377
-0.997159 0.006323 0.075066 -146.197235 0.009975 0.998779 0.048379 2.661411 -0.074668 0.048991 -0.996004 -82.926460
-0.997154 0.006328 0.075119 -146.193588 0.009980 0.998781 0.048336 2.662559 -0.074722 0.048948 -0.996002 -82.923691
-0.997153 0.006367 0.075134 -146.192383 0.010021 0.998780 0.048357 2.662767 -0.074735 0.048973 -0.996000 -82.926544
-0.997155 0.006320 0.075113 -146.192688 0.009978 0.998777 0.048422 2.660947 -0.074715 0.049034 -0.995999 -82.922722
-0.997151 0.006383 0.075164 -146.196136 0.010039 0.998779 0.048362 2.662587 -0.074763 0.048979 -0.995998 -82.921898
-0.997152 0.006242 0.075163 -146.193375 0.009905 0.998776 0.048453 2.660830 -0.074768 0.049060 -0.995993 -82.925003
-0.997152 0.006450 0.075146 -146.195023 0.010113 0.998773 0.048474 2.662659 -0.074741 0.049095 -0.995994 -82.923767
-0.997150 0.006323 0.075173 -146.192810 0.009987 0.998775 0.048471 2.661649 -0.074774 0.049084 -0.995992 -82.923203
-0.997153 0.006401 0.075134 -146.194046 0.010061 0.998776 0.048437 2.662125 -0.074732 0.049055 -0.995996 -82.923859
-0.997150 0.006341 0.075181 -146.195587 0.010003 0.998777 0.048426 2.660477 -0.074782 0.049040 -0.995993 -82.924370
-0.997150 0.006283 0.075178 -146.192734 0.009946 0.998776 0.048461 2.662195 -0.074781 0.049070 -0.995992 -82.924675
-0.997150 0.006336 0.075184 -146.194534 0.009988 0.998783 0.048294 2.661508 -0.074786 0.048908 -0.996000 -82.924377
-0.997092 0.006230 0.075957 -146.194733 0.009924 0.998780 0.048365 2.660502 -0.075563 0.048978 -0.995937 -82.933403
-0.996918 0.006033 0.078220 -146.190216 0.009810 0.998799 0.047994 2.660217 -0.077837 0.048613 -0.995780 -82.937141
-0.996763 0.005599 0.080197 -146.186905 0.009452 0.998815 0.047747 2.659747 -0.079835 0.048350 -0.995635 -82.943733
-0.996510 0.005228 0.083314 -146.182327 0.009213 0.998828 0.047512 2.661646 -0.082968 0.048114 -0.995390 -82.971191
-0.996090 0.005318 0.088183 -146.177933 0.009530 0.998830 0.047420 2.662905 -0.087827 0.048075 -0.994975 -82.994370
-0.995586 0.005145 0.093710 -146.173721 0.009621 0.998830 0.047383 2.660057 -0.093357 0.048075 -0.994471 -83.017097
-0.994968 0.004440 0.100093 -146.158951 0.009213 0.998839 0.047276 2.660000 -0.099767 0.047961 -0.993854 -83.054337
-0.994170 0.004277 0.107736 -146.149490 0.009429 0.998833 0.047359 2.662838 -0.107408 0.048099 -0.993051 -83.092865
-0.993162 0.004159 0.116673 -146.139130 0.009726 0.998839 0.047179 2.662208 -0.116342 0.047991 -0.992049 -83.127823
-0.991989 0.003931 0.126265 -146.129105 0.009936 0.998847 0.046965 2.664000 -0.125935 0.047843 -0.990884 -83.168587
-0.990606 0.003499 0.136703 -146.110596 0.010023 0.998842 0.047059 2.662422 -0.136380 0.047987 -0.989494 -83.221672
-0.988900 0.003006 0.148552 -146.094437 0.010095 0.998844 0.046988 2.663881 -0.148239 0.047966 -0.987788 -83.273087
-0.986884 0.002532 0.161410 -146.078598 0.010171 0.998865 0.046523 2.664132 -0.161109 0.047554 -0.985790 -83.329819
-0.984468 0.002030 0.175551 -146.061661 0.010186 0.998909 0.045571 2.666668 -0.175267 0.046651 -0.983415 -83.391045
-0.981538 0.001420 0.191261 -146.031082 0.009970 0.998993 0.043748 2.667185 -0.191006 0.044847 -0.980564 -83.461884
-0.978060 0.000188 0.208322 -146.000031 0.009102 0.999083 0.041833 2.663901 -0.208124 0.042812 -0.977165 -83.544693
-0.974141 -0.001286 0.225938 -145.959793 0.008044 0.999152 0.040369 2.672266 -0.225799 0.041142 -0.973305 -83.645508
-0.969740 -0.001952 0.244131 -145.917923 0.008181 0.999147 0.040484 2.684557 -0.244002 0.041256 -0.968897 -83.760887
-0.964802 -0.001454 0.262975 -145.873886 0.009804 0.999091 0.041493 2.692210 -0.262796 0.042611 -0.963910 -83.905640
-0.959031 -0.000936 0.283301 -145.817596 0.011504 0.999041 0.042247 2.692534 -0.283069 0.043776 -0.958100 -84.062393
-0.952147 -0.002442 0.305629 -145.744949 0.011282 0.999006 0.043132 2.695035 -0.305431 0.044516 -0.951173 -84.229408
-0.944434 -0.004671 0.328667 -145.667969 0.010703 0.998932 0.044955 2.703107 -0.328526 0.045975 -0.943375 -84.401443
-0.935813 -0.005376 0.352455 -145.581772 0.011861 0.998837 0.046726 2.715556 -0.352297 0.047907 -0.934661 -84.583069
-0.926146 -0.004710 0.377135 -145.496460 0.014124 0.998788 0.047159 2.716697 -0.376900 0.049003 -0.924957 -84.769760
