-0.002797 -0.075109 -0.272133 0.494777 -0.499970 0.499913 0.505285 1317067364.317412
0.155306 -0.079158 0.008972 0.498004 -0.499315 0.497354 0.505289 1317067364.420553
0.257214 -0.071878 0.515572 0.498032 -0.497521 0.496188 0.508168 1317067364.523680
0.306985 -0.069460 1.230581 0.496868 -0.495888 0.495796 0.511276 1317067364.626811
0.339110 -0.049527 2.080245 0.497463 -0.494909 0.495345 0.512083 1317067364.729931
0.375634 -0.052996 2.945592 0.499189 -0.494591 0.494811 0.511227 1317067364.833071
0.393194 -0.036984 3.825014 0.498771 -0.496909 0.492656 0.511467 1317067364.936198
0.420921 -0.020774 4.705990 0.498978 -0.497893 0.492527 0.510432 1317067365.039306
0.451963 -0.032374 5.572563 0.499819 -0.497538 0.493489 0.509023 1317067365.142421
0.466405 -0.023536 6.453421 0.498855 -0.498877 0.493413 0.508733 1317067365.245527
0.487726 -0.021184 7.339870 0.497807 -0.499968 0.494306 0.507820 1317067365.348601
0.505318 -0.012717 8.243262 0.495427 -0.500695 0.496624 0.507169 1317067365.451664
0.520703 -0.011775 9.131385 0.493841 -0.501537 0.499243 0.505310 1317067365.554754
0.536287 -0.011653 10.014821 0.492416 -0.501762 0.502911 0.502834 1317067365.657835
0.540340 -0.016021 10.907595 0.490900 -0.503102 0.505687 0.500187 1317067365.760908
0.534689 -0.008601 11.795768 0.489462 -0.504766 0.508333 0.497228 1317067365.863923
0.520325 -0.014237 12.687224 0.488281 -0.507052 0.510544 0.493785 1317067365.967038
0.496912 -0.006640 13.591557 0.486426 -0.509040 0.512765 0.491264 1317067366.070267
0.454981 -0.006339 14.492401 0.483630 -0.510993 0.514749 0.489920 1317067366.173428
0.406753 0.005375 15.400722 0.481114 -0.512872 0.516490 0.488600 1317067366.276606
0.361429 0.006743 16.299941 0.479315 -0.514774 0.518019 0.486746 1317067366.379808
0.302943 0.014012 17.195415 0.477913 -0.516496 0.519254 0.484981 1317067366.483028
0.239131 0.019494 18.095884 0.476652 -0.518894 0.519762 0.483114 1317067366.586264
0.166468 0.024967 19.012380 -0.475370 0.520947 -0.520650 -0.481207 1317067366.689503
0.089403 0.027704 19.928478 -0.473714 0.522505 -0.522204 -0.479465 1317067366.792752
-0.006188 0.019890 20.856222 -0.471623 0.524349 -0.523291 -0.478326 1317067366.896012
-0.111304 0.030213 21.802318 -0.468934 0.527593 -0.523379 -0.477306 1317067366.999256
-0.225472 0.026133 22.766170 -0.466324 0.530425 -0.523989 -0.476053 1317067367.102489
-0.350557 0.036000 23.733398 -0.462472 0.532757 -0.524831 -0.476279 1317067367.205692
-0.479115 0.040798 24.706555 -0.458706 0.533898 -0.526798 -0.476472 1317067367.308890
-0.612423 0.053466 25.675353 -0.455751 0.535683 -0.528432 -0.475494 1317067367.412106
-0.742618 0.060516 26.643444 -0.453858 0.538201 -0.529367 -0.473416 1317067367.515282
-0.875639 0.064592 27.604938 -0.452559 0.540466 -0.530503 -0.470801 1317067367.618452
-1.025868 0.063789 28.564829 -0.451219 0.542154 -0.532227 -0.468192 1317067367.721632
-1.179489 0.063768 29.524637 -0.449880 0.543513 -0.534011 -0.465869 1317067367.824875
-1.354802 0.064242 30.511983 -0.447943 0.545285 -0.535002 -0.464526 1317067367.928088
-1.535008 0.070574 31.520263 -0.445955 0.546624 -0.536194 -0.463489 1317067368.031234
-1.728597 0.073178 32.543016 -0.443676 0.548305 -0.536710 -0.463094 1317067368.134457
-1.923270 0.074265 33.549994 -0.441780 0.549488 -0.537049 -0.463111 1317067368.237732
-2.116523 0.079004 34.546920 -0.439986 0.550907 -0.536775 -0.463450 1317067368.341011
-2.313971 0.084116 35.548514 -0.438561 0.551856 -0.536585 -0.463892 1317067368.444263
-2.516599 0.091300 36.570157 -0.437599 0.552563 -0.536584 -0.463960 1317067368.547497
-2.715614 0.100627 37.590169 -0.436715 0.553021 -0.537099 -0.463651 1317067368.650729
-2.917415 0.100662 38.632575 -0.436901 0.553255 -0.537611 -0.462602 1317067368.753950
-3.128331 0.103287 39.680628 -0.436921 0.554203 -0.537448 -0.461636 1317067368.857189
-3.335140 0.106318 40.729243 -0.436865 0.555183 -0.537421 -0.460543 1317067368.960431
-3.551872 0.104742 41.797130 -0.436399 0.555978 -0.538083 -0.459250 1317067369.063609
-3.766518 0.102945 42.865671 -0.435623 0.556703 -0.538880 -0.458173 1317067369.166775
-3.991233 0.102693 43.929839 -0.434429 0.557166 -0.539887 -0.457558 1317067369.269972
-4.219077 0.108386 44.987187 -0.433605 0.557651 -0.540901 -0.456550 1317067369.373157
-4.452532 0.105516 46.046524 -0.433758 0.558543 -0.541183 -0.454979 1317067369.476340
-4.689624 0.112508 47.128611 -0.433924 0.559289 -0.541558 -0.453454 1317067369.579529
-4.929344 0.112215 48.219022 -0.433232 0.559334 -0.542498 -0.452937 1317067369.682685
-5.184734 0.117185 49.343796 -0.432126 0.559137 -0.543917 -0.452535 1317067369.785857
-5.441792 0.121770 50.469881 -0.431324 0.559507 -0.544548 -0.452082 1317067369.889038
-5.705799 0.124595 51.597782 -0.430519 0.560112 -0.544602 -0.452037 1317067369.992195
-5.980421 0.134977 52.746641 -0.429573 0.561216 -0.543996 -0.452296 1317067370.095381
-6.242556 0.140837 53.887191 -0.429654 0.561708 -0.543598 -0.452086 1317067370.198600
-6.513937 0.144879 55.024151 -0.429948 0.562608 -0.542672 -0.451801 1317067370.301793
-6.783709 0.137474 56.158543 -0.430659 0.562998 -0.541999 -0.451446 1317067370.404997
-7.046447 0.134365 57.291326 -0.431483 0.562775 -0.541744 -0.451243 1317067370.508167
-7.307469 0.135098 58.419862 -0.431668 0.562074 -0.541762 -0.451918 1317067370.611309
-7.573017 0.136644 59.571075 -0.431744 0.561306 -0.541683 -0.452892 1317067370.714520
-7.832611 0.136369 60.710475 -0.431621 0.560471 -0.541748 -0.453965 1317067370.817710
-8.087149 0.141859 61.834277 -0.431607 0.560167 -0.541038 -0.455198 1317067370.920880
-8.344745 0.140268 62.985858 -0.432335 0.560183 -0.540162 -0.455530 1317067371.024046
-8.597088 0.137357 64.139556 -0.433762 0.560166 -0.539411 -0.455083 1317067371.127206
-8.844550 0.128811 65.284270 -0.435351 0.559832 -0.539122 -0.454319 1317067371.230389
-9.093281 0.124587 66.455156 -0.436003 0.559437 -0.539022 -0.454299 1317067371.333564
-9.357951 0.133213 67.643200 -0.434498 0.558639 -0.539356 -0.456321 1317067371.436725
-9.617510 0.141819 68.854087 -0.433687 0.557051 -0.540394 -0.457804 1317067371.539867
-9.885874 0.142879 70.072983 -0.433782 0.558314 -0.538924 -0.457907 1317067371.643017
-10.140199 0.150567 71.302408 -0.435526 0.559212 -0.538407 -0.455759 1317067371.746187
-10.397113 0.146212 72.535912 -0.436963 0.559224 -0.538835 -0.453860 1317067371.849306
-10.661111 0.140660 73.774347 -0.437430 0.558174 -0.540106 -0.453191 1317067371.952420
-10.934874 0.132914 75.023428 -0.436306 0.557744 -0.540508 -0.454323 1317067372.055528
-11.211842 0.135319 76.284970 -0.435620 0.557566 -0.541039 -0.454568 1317067372.158621
