-0.002797 -0.075109 -0.272133 0.494777 -0.499970 0.499913 0.505285 1317067364.317412
0.062730 -0.085804 0.386835 0.497501 -0.499615 0.497460 0.505381 1317067364.420553
0.067712 -0.088441 1.275276 0.497013 -0.498615 0.496528 0.507760 1317067364.523680
0.055076 -0.092406 2.208370 0.495157 -0.497289 0.496391 0.510998 1317067364.626811
0.056452 -0.065788 3.154938 0.495635 -0.496354 0.496165 0.511663 1317067364.729931
0.068339 -0.069965 4.067956 0.497458 -0.496134 0.495839 0.510421 1317067364.833071
0.054712 -0.061273 4.980805 0.496674 -0.498976 0.493429 0.510751 1317067364.936198
0.061023 -0.049333 5.890850 0.496541 -0.500481 0.493062 0.509761 1317067365.039306
0.081928 -0.062929 6.794063 0.497330 -0.500279 0.494266 0.508021 1317067365.142421
0.072686 -0.056752 7.730749 0.496061 -0.501812 0.494144 0.507868 1317067365.245527
0.060773 -0.071373 8.659881 0.494643 -0.503100 0.494933 0.507208 1317067365.348601
0.051485 -0.060178 9.582231 0.491909 -0.504035 0.497163 0.506757 1317067365.451664
0.044056 -0.063445 10.517386 0.490093 -0.504957 0.499979 0.504825 1317067365.554754
0.026054 -0.054694 11.454076 0.488844 -0.504971 0.503884 0.502133 1317067365.657835
0.005075 -0.060762 12.391178 0.487244 -0.506319 0.507034 0.499150 1317067365.760908
-0.033818 -0.044228 13.332024 0.486026 -0.508006 0.509817 0.495777 1317067365.863923
-0.073316 -0.055181 14.269309 0.484676 -0.510491 0.512021 0.492263 1317067365.967038
-0.128296 -0.053926 15.208361 0.482529 -0.512928 0.514170 0.489592 1317067366.070267
-0.194804 -0.061465 16.153386 0.479336 -0.515152 0.516317 0.488132 1317067366.173428
-0.274072 -0.048779 17.102721 0.476535 -0.517340 0.518104 0.486664 1317067366.276606
-0.349611 -0.050388 18.054082 0.474431 -0.519375 0.519787 0.484753 1317067366.379808
-0.437967 -0.041790 19.003684 -0.472493 0.521609 -0.521089 -0.482847 1317067366.483028
-0.534814 -0.041042 19.954104 -0.470905 0.524227 -0.521807 -0.480782 1317067366.586264
-0.640702 -0.040492 20.915169 -0.469319 0.526644 -0.522776 -0.478635 1317067366.689503
-0.748984 -0.040350 21.878362 -0.467545 0.528367 -0.524248 -0.476859 1317067366.792752
-0.875003 -0.047252 22.862300 -0.465143 0.530199 -0.525685 -0.475590 1317067366.896012
-1.009457 -0.042101 23.838842 -0.462047 0.533819 -0.525506 -0.474756 1317067366.999256
-1.152051 -0.059312 24.818587 -0.459075 0.536852 -0.525906 -0.473775 1317067367.102489
-1.302813 -0.052297 25.797559 -0.454652 0.539423 -0.526696 -0.474242 1317067367.205692
-1.470341 -0.049674 26.810400 -0.450184 0.540867 -0.528649 -0.474687 1317067367.308890
-1.628425 -0.029309 27.811656 -0.446793 0.542722 -0.530387 -0.473834 1317067367.412106
-1.798887 -0.014016 28.817061 -0.444757 0.545091 -0.531695 -0.471560 1317067367.515282
-1.976452 -0.001188 29.814767 -0.443169 0.547499 -0.533094 -0.468676 1317067367.618452
-2.157284 -0.000697 30.823923 -0.441624 0.549512 -0.534743 -0.465891 1317067367.721632
-2.350058 0.006307 31.826814 -0.440093 0.550868 -0.536726 -0.463452 1317067367.824875
-2.562120 0.007849 32.846768 -0.437841 0.552736 -0.537844 -0.462062 1317067367.928088
-2.776670 0.019583 33.883438 -0.435485 0.554121 -0.539165 -0.461089 1317067368.031234
-3.001137 0.021769 34.914809 -0.432913 0.555828 -0.539703 -0.460827 1317067368.134457
-3.222678 0.036606 35.945086 -0.430864 0.556928 -0.540305 -0.460714 1317067368.237732
-3.460221 0.046292 36.984595 -0.428830 0.558281 -0.540204 -0.461092 1317067368.341011
-3.695507 0.063674 38.030801 -0.427427 0.559199 -0.540126 -0.461375 1317067368.444263
-3.944255 0.076161 39.093705 -0.426210 0.560109 -0.540135 -0.461386 1317067368.547497
-4.179115 0.099674 40.165155 -0.425297 0.560491 -0.540714 -0.461087 1317067368.650729
-4.421771 0.115840 41.237046 -0.425545 0.560531 -0.541661 -0.459696 1317067368.753950
-4.671829 0.129350 42.322027 -0.425580 0.561588 -0.541605 -0.458437 1317067368.857189
-4.923999 0.142937 43.416996 -0.425421 0.562683 -0.541622 -0.457220 1317067368.960431
-5.180918 0.155037 44.503977 -0.425121 0.563276 -0.542435 -0.455803 1317067369.063609
-5.441013 0.161502 45.597081 -0.424234 0.563852 -0.543404 -0.454762 1317067369.166775
-5.708762 0.171422 46.705386 -0.422810 0.564345 -0.544489 -0.454178 1317067369.269972
-5.980173 0.188746 47.797511 -0.421887 0.564617 -0.545788 -0.453139 1317067369.373157
-6.251731 0.194842 48.895850 -0.422075 0.565468 -0.546247 -0.451346 1317067369.476340
-6.533451 0.206584 50.008643 -0.421998 0.566432 -0.546473 -0.449934 1317067369.579529
-6.818430 0.218782 51.119744 -0.421162 0.566333 -0.547497 -0.449596 1317067369.682685
-7.103523 0.230547 52.242904 -0.419911 0.566004 -0.548819 -0.449567 1317067369.785857
-7.396847 0.236757 53.374570 -0.418907 0.566257 -0.549480 -0.449379 1317067369.889038
-7.693595 0.247547 54.498410 -0.418085 0.566583 -0.549697 -0.449469 1317067369.992195
-8.003560 0.271864 55.638638 -0.417134 0.567520 -0.549143 -0.449846 1317067370.095381
-8.304319 0.287063 56.782311 -0.417164 0.567999 -0.548650 -0.449816 1317067370.198600
-8.606445 0.303649 57.936943 -0.417252 0.568931 -0.547748 -0.449656 1317067370.301793
-8.910406 0.312503 59.082918 -0.418028 0.569232 -0.547146 -0.449288 1317067370.404997
-9.211728 0.323922 60.237592 -0.418843 0.569090 -0.546922 -0.448980 1317067370.508167
-9.516419 0.336041 61.400470 -0.418815 0.568531 -0.546788 -0.449877 1317067370.611309
-9.810713 0.349801 62.550842 -0.418518 0.567705 -0.546826 -0.451148 1317067370.714520
-10.109830 0.362720 63.720097 -0.418267 0.566804 -0.546957 -0.452354 1317067370.817710
-10.415695 0.382620 64.883489 -0.418064 0.566448 -0.546509 -0.453528 1317067370.920880
-10.715122 0.395069 66.085406 -0.418579 0.566283 -0.546018 -0.453850 1317067371.024046
-11.012960 0.414436 67.267339 -0.419970 0.566016 -0.545507 -0.453513 1317067371.127206
-11.308483 0.423777 68.471006 -0.421678 0.565681 -0.545196 -0.452719 1317067371.230389
-11.597908 0.431911 69.674796 -0.422289 0.565456 -0.544880 -0.452811 1317067371.333564
-11.908607 0.458440 70.877468 -0.420653 0.564907 -0.545049 -0.454810 1317067371.436725
-12.210521 0.487003 72.118118 -0.419564 0.562948 -0.546433 -0.456581 1317067371.539867
-12.517107 0.494745 73.349088 -0.419452 0.564052 -0.545199 -0.456797 1317067371.643017
-12.816473 0.520014 74.578372 -0.421279 0.564938 -0.544645 -0.454677 1317067371.746187
-13.112946 0.533336 75.806340 -0.422844 0.564924 -0.544912 -0.452919 1317067371.849306
-13.409669 0.546785 77.044450 -0.423266 0.563898 -0.546021 -0.452466 1317067371.952420
-13.722078 0.564649 78.303743 -0.422137 0.563377 -0.546500 -0.453590 1317067372.055528
-14.035408 0.581068 79.559549 -0.421316 0.563059 -0.546889 -0.454280 1317067372.158621
