0.020850 -0.012224 0.576253 0.493074 -0.500171 0.498412 0.508224 1317067364.540391
0.019548 0.036650 1.426745 0.490560 -0.500631 0.496430 0.512129 1317067364.644991
0.055385 0.093883 2.270608 0.490137 -0.501084 0.495185 0.513296 1317067364.747157
0.081847 0.143275 3.112056 0.491601 -0.503157 0.493161 0.511814 1317067364.851573
0.114341 0.169871 3.932298 0.490042 -0.506894 0.490737 0.511952 1317067364.954433
0.143428 0.242293 4.779346 0.489137 -0.510026 0.489367 0.511017 1317067365.058969
0.169953 0.313631 5.649372 0.488224 -0.512995 0.487658 0.510552 1317067365.161981
0.193419 0.372736 6.491714 0.485663 -0.516994 0.485620 0.510904 1317067365.264052
0.220928 0.441156 7.332502 0.482553 -0.521048 0.484627 0.510674 1317067365.365368
0.232092 0.531010 8.209248 0.477319 -0.525649 0.483807 0.511655 1317067365.468372
0.239307 0.585763 9.065584 0.474547 -0.528774 0.484858 0.510015 1317067365.571961
0.231744 0.648753 9.943413 0.471195 -0.531867 0.486167 0.508659 1317067365.674438
0.216455 0.705840 10.809450 0.468667 -0.535908 0.487064 0.505887 1317067365.777579
0.181795 0.761635 11.695939 0.465653 -0.540456 0.487379 0.503523 1317067365.880710
0.143486 0.796063 12.594235 0.463278 -0.545140 0.487885 0.500163 1317067365.983832
0.093420 0.847178 13.497873 -0.459357 0.549743 -0.488205 -0.498428 1317067366.087363
0.027996 0.880861 14.399925 -0.454728 0.554502 -0.488038 -0.497562 1317067366.190098
-0.055269 0.902322 15.306279 -0.450580 0.558258 -0.488205 -0.496972 1317067366.295185
-0.148316 0.930340 16.216649 -0.447801 0.562091 -0.488035 -0.495328 1317067366.399130
-0.238958 0.955090 17.106483 -0.444717 0.566302 -0.487557 -0.493777 1317067366.499613
-0.342219 0.975612 18.004898 -0.442324 0.570442 -0.486891 -0.491815 1317067366.604075
-0.455863 0.983521 18.917941 -0.439878 0.573985 -0.486848 -0.489926 1317067366.706125
-0.576966 0.996811 19.823790 -0.437186 0.577096 -0.487011 -0.488518 1317067366.809668
-0.708936 1.004409 20.741783 -0.433435 0.581204 -0.486107 -0.487889 1317067366.914987
-0.847795 1.024244 21.681865 -0.429733 0.586036 -0.484621 -0.486861 1317067367.018848
-1.001231 1.040175 22.624464 -0.425784 0.590659 -0.483446 -0.485911 1317067367.121549
-1.167233 1.081243 23.585529 -0.419976 0.595271 -0.481712 -0.487059 1317067367.222361
-1.345666 1.101571 24.544040 -0.414581 0.598561 -0.481251 -0.488103 1317067367.328524
-1.526026 1.123576 25.509571 -0.409769 0.602780 -0.480357 -0.487855 1317067367.431195
-1.720681 1.123959 26.472135 -0.407128 0.606136 -0.480615 -0.485648 1317067367.531928
-1.918445 1.134497 27.433595 -0.404574 0.609783 -0.480765 -0.483062 1317067367.635241
-2.124967 1.142715 28.415088 -0.402546 0.612887 -0.481340 -0.480248 1317067367.741293
-2.334271 1.146627 29.394302 -0.399613 0.615952 -0.481614 -0.478497 1317067367.841554
-2.559275 1.172007 30.374004 -0.396097 0.619935 -0.480301 -0.477597 1317067367.945069
-2.795537 1.200957 31.360027 -0.392561 0.623313 -0.479008 -0.477418 1317067368.049013
-3.037451 1.204420 32.361647 -0.388954 0.626537 -0.477735 -0.477426 1317067368.151120
-3.285752 1.225786 33.357448 -0.385437 0.629870 -0.475554 -0.478069 1317067368.260386
-3.545702 1.234613 34.367418 -0.382640 0.632807 -0.473478 -0.478498 1317067368.357747
-3.810986 1.240193 35.376293 -0.380424 0.635106 -0.471650 -0.479025 1317067368.460876
-4.067824 1.267045 36.388664 -0.377938 0.638248 -0.469068 -0.479352 1317067368.564235
-4.322157 1.312014 37.408410 -0.375413 0.641645 -0.466162 -0.479636 1317067368.667394
-4.574114 1.331610 38.439001 -0.373940 0.644634 -0.464243 -0.478638 1317067368.770652
-4.827288 1.341509 39.455129 -0.372520 0.648036 -0.462225 -0.477103 1317067368.873949
-5.104236 1.344208 40.498236 -0.371109 0.650961 -0.460355 -0.476026 1317067368.977054
-5.382055 1.346479 41.541824 -0.369420 0.653608 -0.459206 -0.474821 1317067369.080297
-5.668358 1.348155 42.568450 -0.367177 0.656142 -0.458067 -0.474167 1317067369.183462
-5.966464 1.353564 43.621147 -0.364643 0.658480 -0.456808 -0.474095 1317067369.286685
-6.282025 1.343645 44.661037 -0.362921 0.660576 -0.455885 -0.473389 1317067369.390272
-6.578430 1.341476 45.703760 -0.361872 0.663520 -0.454397 -0.471500 1317067369.493099
-6.892658 1.340335 46.741323 -0.360689 0.665872 -0.452910 -0.470522 1317067369.597339
-7.207259 1.316747 47.797380 -0.358534 0.667284 -0.452331 -0.470724 1317067369.700082
-7.527693 1.305593 48.867597 -0.355835 0.668909 -0.451122 -0.471627 1317067369.802552
-7.861131 1.301324 49.931241 -0.354087 0.671140 -0.449160 -0.471644 1317067369.906831
-8.206546 1.268693 50.992279 -0.352837 0.672457 -0.448013 -0.471797 1317067370.008994
-8.556675 1.222551 52.049652 -0.351297 0.673751 -0.446646 -0.472395 1317067370.112009
-8.917223 1.184649 53.130525 -0.351116 0.674881 -0.445171 -0.472309 1317067370.215351
-9.265687 1.148846 54.210469 -0.350678 0.676640 -0.443225 -0.471948 1317067370.318381
-9.625986 1.088077 55.297765 -0.351256 0.677418 -0.442381 -0.471193 1317067370.422337
-9.966433 1.058959 56.391213 -0.351133 0.678491 -0.440810 -0.471213 1317067370.526130
-10.308202 1.022626 57.464478 -0.350475 0.679175 -0.439290 -0.472137 1317067370.631229
-10.639124 0.996446 58.576279 -0.349070 0.680274 -0.437021 -0.473698 1317067370.731351
-10.984090 0.987090 59.691478 -0.347660 0.681795 -0.434023 -0.475301 1317067370.834438
-11.323417 0.956777 60.798846 -0.346573 0.683073 -0.431426 -0.476624 1317067370.937989
-11.680121 0.908104 61.922809 -0.346876 0.684011 -0.429540 -0.476761 1317067371.040716
-12.024303 0.857589 63.034081 -0.347781 0.684859 -0.428295 -0.476005 1317067371.143795
-12.369469 0.780513 64.157390 -0.348993 0.685401 -0.427997 -0.474603 1317067371.247074
-12.727705 0.707655 65.280184 -0.349096 0.685498 -0.427414 -0.474913 1317067371.350218
-13.076341 0.664769 66.416298 -0.346325 0.686222 -0.425503 -0.477604 1317067371.453351
-13.448817 0.614844 67.595924 -0.344361 0.686274 -0.423983 -0.480293 1317067371.556495
-13.826140 0.527685 68.748039 -0.345049 0.687594 -0.422724 -0.479020 1317067371.659754
-14.173089 0.446987 69.873606 -0.346377 0.688511 -0.423258 -0.476265 1317067371.762962
-14.540277 0.376219 71.028469 -0.347752 0.689113 -0.423598 -0.474086 1317067371.866669
-14.880348 0.328654 72.186086 -0.346351 0.690079 -0.422580 -0.474613 1317067371.969130
-15.268983 0.266663 73.362044 -0.344623 0.690997 -0.420769 -0.476143 1317067372.072177
