-0.002797 -0.075109 -0.272133 0.494777 -0.499970 0.499913 0.505285 1317067346.054281
-0.056938 -0.077258 -0.165350 0.495480 -0.499761 0.499229 0.505479 1317067346.157358
-0.114833 -0.076618 0.066459 0.496433 -0.499265 0.498167 0.506081 1317067346.260450
-0.162354 -0.078316 0.435040 0.496972 -0.498329 0.497618 0.507014 1317067346.363515
-0.207051 -0.077611 0.965485 0.497802 -0.496767 0.497148 0.508192 1317067346.466599
-0.237160 -0.083375 1.658596 0.498729 -0.495617 0.496293 0.509241 1317067346.569680
-0.250468 -0.083911 2.526667 0.499769 -0.495211 0.494769 0.510098 1317067346.672739
-0.253701 -0.090172 3.535593 0.500542 -0.494865 0.493244 0.511153 1317067346.775809
-0.241978 -0.093346 4.693005 0.501128 -0.493707 0.491919 0.512972 1317067346.878881
-0.214546 -0.091119 5.954032 0.501469 -0.492095 0.491103 0.514965 1317067346.981975
-0.176287 -0.094011 7.235477 0.502338 -0.490252 0.490587 0.516367 1317067347.085092
-0.131480 -0.092930 8.505627 0.503729 -0.489128 0.489399 0.517203 1317067347.188170
-0.078802 -0.094572 9.757800 0.505382 -0.488083 0.488208 0.517703 1317067347.291247
-0.022710 -0.098022 11.001276 0.506540 -0.486958 0.487163 0.518615 1317067347.394332
0.037092 -0.098352 12.237526 0.507501 -0.486021 0.486031 0.519615 1317067347.497421
0.103005 -0.100318 13.482872 0.508723 -0.485107 0.484998 0.520239 1317067347.600551
0.168452 -0.103300 14.712451 0.509538 -0.484698 0.483796 0.520942 1317067347.703657
0.242546 -0.107854 15.954235 0.510326 -0.483994 0.482823 0.521727 1317067347.806744
0.316666 -0.106911 17.180249 0.510519 -0.483275 0.482012 0.522953 1317067347.909827
0.394191 -0.108697 18.408167 0.511020 -0.482317 0.481443 0.523871 1317067348.012912
0.474611 -0.111494 19.631617 0.511486 -0.481603 0.480525 0.524916 1317067348.116014
0.558899 -0.108992 20.841028 0.512252 -0.480885 0.479666 0.525612 1317067348.219123
0.648634 -0.110885 22.064758 0.512988 -0.480136 0.478862 0.526311 1317067348.322257
0.744208 -0.106564 23.276680 0.513880 -0.479172 0.478238 0.526887 1317067348.425395
0.841005 -0.106817 24.480005 0.514473 -0.477989 0.477811 0.527769 1317067348.528488
0.942407 -0.103183 25.679629 0.515115 -0.476466 0.477904 0.528435 1317067348.631571
1.047828 -0.101634 26.872598 0.515933 -0.475274 0.477677 0.528916 1317067348.734688
1.152507 -0.099909 28.049537 0.516709 -0.474584 0.476970 0.529417 1317067348.837797
1.258664 -0.095526 29.231003 0.517852 -0.473736 0.476311 0.529652 1317067348.940912
1.367193 -0.091598 30.403075 0.518535 -0.472846 0.475858 0.530186 1317067349.044035
1.483648 -0.089529 31.587662 0.519331 -0.471775 0.475473 0.530705 1317067349.147144
1.603352 -0.083754 32.756688 0.520297 -0.470852 0.475080 0.530931 1317067349.250247
1.721056 -0.085493 33.915986 0.521151 -0.470178 0.474505 0.531205 1317067349.353369
1.843210 -0.081090 35.077569 0.521866 -0.469191 0.474219 0.531631 1317067349.456498
1.964262 -0.081861 36.227206 0.522594 -0.468236 0.473779 0.532150 1317067349.559617
2.089795 -0.079902 37.381443 0.523542 -0.467244 0.473410 0.532419 1317067349.662758
2.225607 -0.077755 38.548919 0.524638 -0.466217 0.472951 0.532648 1317067349.765884
2.360560 -0.077739 39.691416 0.525511 -0.465201 0.472645 0.532948 1317067349.869006
2.497338 -0.076467 40.832689 0.526611 -0.464129 0.472112 0.533269 1317067349.972146
2.635570 -0.074507 41.973104 0.527552 -0.463280 0.471511 0.533608 1317067350.075289
2.780935 -0.069688 43.126901 0.528278 -0.462254 0.470883 0.534334 1317067350.178413
2.926123 -0.065721 44.264872 0.528870 -0.461354 0.470181 0.535143 1317067350.281537
3.077426 -0.064764 45.404371 0.529496 -0.460778 0.469242 0.535844 1317067350.384695
3.229440 -0.061197 46.530610 0.530276 -0.459990 0.468417 0.536472 1317067350.487839
3.384585 -0.057372 47.655494 0.530930 -0.459017 0.467649 0.537328 1317067350.590974
3.545655 -0.060608 48.770976 0.531395 -0.458175 0.466811 0.538314 1317067350.694121
3.704924 -0.057070 49.892925 0.531956 -0.457597 0.465922 0.539021 1317067350.797277
3.864172 -0.059445 50.990444 0.532471 -0.457113 0.464841 0.539856 1317067350.900436
4.021635 -0.058835 52.082458 0.533223 -0.457076 0.463428 0.540360 1317067351.003606
4.186540 -0.057625 53.168507 0.533960 -0.456965 0.462082 0.540878 1317067351.106764
4.359227 -0.057568 54.243103 0.534893 -0.456367 0.461490 0.540967 1317067351.209880
4.525410 -0.062939 55.311611 0.535264 -0.456188 0.460684 0.541439 1317067351.313012
4.695285 -0.062906 56.354649 0.535826 -0.455508 0.460469 0.541638 1317067351.416169
4.865896 -0.065897 57.410467 0.535831 -0.454685 0.460595 0.542217 1317067351.519326
5.031834 -0.065668 58.443017 0.535965 -0.453890 0.460642 0.542711 1317067351.622487
5.201089 -0.066499 59.476697 0.536332 -0.453812 0.460195 0.542791 1317067351.725644
5.366908 -0.066658 60.505213 0.536863 -0.453702 0.459858 0.542644 1317067351.828812
5.536754 -0.065288 61.524414 0.537032 -0.453416 0.459726 0.542828 1317067351.931973
5.704074 -0.069448 62.525972 0.537254 -0.452891 0.459650 0.543112 1317067352.035100
5.866565 -0.070539 63.507997 0.537518 -0.452327 0.459657 0.543314 1317067352.138235
6.030190 -0.075601 64.489860 0.537694 -0.451886 0.459643 0.543519 1317067352.241392
6.194527 -0.076763 65.473536 0.537819 -0.451791 0.459381 0.543695 1317067352.344543
6.357071 -0.075474 66.437693 0.537911 -0.451852 0.459045 0.543837 1317067352.447696
6.516511 -0.075904 67.384634 0.538165 -0.451613 0.459062 0.543770 1317067352.550857
6.673497 -0.079470 68.328671 0.538326 -0.451553 0.459101 0.543629 1317067352.654018
6.827990 -0.076350 69.263458 0.538778 -0.451362 0.458981 0.543439 1317067352.757176
6.984214 -0.080929 70.183706 0.538956 -0.451561 0.458785 0.543264 1317067352.860331
7.135875 -0.082528 71.086923 0.539139 -0.451914 0.458352 0.543154 1317067352.963516
7.285525 -0.087282 71.994471 0.539382 -0.452137 0.458070 0.542965 1317067353.066710
7.432121 -0.089661 72.877169 0.539347 -0.452230 0.457847 0.543111 1317067353.169873
7.577850 -0.094243 73.764559 0.538812 -0.452132 0.457788 0.543772 1317067353.273054
7.720987 -0.094051 74.642088 0.538177 -0.452079 0.457800 0.544435 1317067353.376248
7.862634 -0.097959 75.497363 0.537693 -0.451697 0.457894 0.545150 1317067353.479417
8.001688 -0.100259 76.336820 0.537223 -0.451686 0.457936 0.545587 1317067353.582596
8.138548 -0.101738 77.186492 0.536920 -0.451776 0.457696 0.546013 1317067353.685789
8.276695 -0.097739 78.024150 0.536600 -0.451934 0.457556 0.546314 1317067353.788963
8.417790 -0.093992 78.850424 0.536499 -0.451610 0.457598 0.546645 1317067353.892144
8.558146 -0.092191 79.679468 0.536211 -0.451097 0.457980 0.547032 1317067353.995343
8.694874 -0.090467 80.487393 0.535996 -0.450812 0.458208 0.547286 1317067354.098526
8.831417 -0.089459 81.282423 0.535983 -0.450703 0.458185 0.547407 1317067354.201700
8.965981 -0.082539 82.068138 0.536503 -0.450385 0.458313 0.547053 1317067354.304859
9.105282 -0.082305 82.840472 0.536858 -0.450129 0.458471 0.546783 1317067354.408025
9.236909 -0.082497 83.605406 0.536915 -0.450441 0.458156 0.546734 1317067354.511241
9.369436 -0.083875 84.359983 0.537203 -0.450581 0.457936 0.546520 1317067354.614445
9.499246 -0.082208 85.103087 0.537336 -0.450718 0.457901 0.546306 1317067354.717647
9.624784 -0.082978 85.825689 0.537450 -0.450652 0.457968 0.546192 1317067354.820853
9.750412 -0.080545 86.552462 0.537335 -0.450457 0.458052 0.546396 1317067354.924056
9.875798 -0.079217 87.269054 0.537233 -0.450378 0.458256 0.546390 1317067355.027262
9.999363 -0.081432 87.969053 0.537485 -0.450256 0.458311 0.546197 1317067355.130463
10.116540 -0.081495 88.661883 0.537758 -0.450178 0.458209 0.546077 1317067355.233678
10.232322 -0.077583 89.339624 0.538099 -0.449964 0.458033 0.546066 1317067355.336886
10.350276 -0.075897 90.003439 0.538498 -0.449185 0.458106 0.546252 1317067355.440092
10.467536 -0.075341 90.668814 0.538713 -0.448505 0.458006 0.546682 1317067355.543305
10.579282 -0.074589 91.308566 0.539109 -0.447665 0.457934 0.547042 1317067355.646499
10.692450 -0.073961 91.946624 0.539461 -0.447058 0.457827 0.547279 1317067355.749804
10.799319 -0.071161 92.556117 0.539608 -0.446625 0.457618 0.547663 1317067355.853023
10.911874 -0.067038 93.155183 0.540072 -0.445956 0.457619 0.547750 1317067355.956132
11.025361 -0.068487 93.751411 0.540646 -0.445336 0.457526 0.547766 1317067356.059324
11.128514 -0.064352 94.321018 0.541007 -0.444776 0.457284 0.548067 1317067356.162531
11.234446 -0.065434 94.885554 0.541407 -0.443978 0.457303 0.548303 1317067356.265754
11.333230 -0.062267 95.432876 0.541681 -0.443690 0.457060 0.548468 1317067356.368931
11.434448 -0.058791 95.970020 0.542063 -0.443553 0.456876 0.548354 1317067356.472096
11.538726 -0.049069 96.475061 0.542852 -0.442743 0.457106 0.548037 1317067356.575277
11.644733 -0.048957 96.975494 0.543682 -0.441366 0.458066 0.547523 1317067356.678471
11.734477 -0.054616 97.444019 0.543991 -0.440909 0.458461 0.547253 1317067356.781641
11.815560 -0.057419 97.896335 0.543925 -0.441149 0.457713 0.547751 1317067356.884828
11.901053 -0.053977 98.359508 0.543309 -0.442099 0.456508 0.548603 1317067356.988034
