-0.002797 -0.075109 -0.272133 0.494777 -0.499970 0.499913 0.505285 1317067346.054281
-0.061568 -0.081164 -0.076628 0.495261 -0.500222 0.499208 0.505258 1317067346.157358
-0.100340 -0.085751 0.228104 0.495704 -0.500220 0.498579 0.505446 1317067346.260450
-0.136151 -0.087383 0.665202 0.495450 -0.500007 0.497976 0.506500 1317067346.363515
-0.165889 -0.087079 1.284278 0.495540 -0.499054 0.497839 0.507486 1317067346.466599
-0.192261 -0.091014 2.115285 0.495992 -0.498552 0.497083 0.508279 1317067346.569680
-0.204728 -0.090583 3.161899 0.496858 -0.498407 0.495657 0.508966 1317067346.672739
-0.198160 -0.100311 4.383536 0.497205 -0.498374 0.494183 0.510092 1317067346.775809
-0.189263 -0.105144 5.687519 0.497272 -0.497431 0.493132 0.511961 1317067346.878881
-0.170907 -0.101769 7.035113 0.497071 -0.496203 0.492241 0.514201 1317067346.981975
-0.145632 -0.100295 8.358754 0.497795 -0.494542 0.491780 0.515539 1317067347.085092
-0.113637 -0.100853 9.651747 0.499256 -0.493430 0.490975 0.515959 1317067347.188170
-0.078303 -0.105272 10.927222 0.500725 -0.492539 0.489825 0.516480 1317067347.291247
-0.036314 -0.107996 12.180333 0.501747 -0.491615 0.488683 0.517448 1317067347.394332
0.009217 -0.111762 13.422500 0.502581 -0.490763 0.487608 0.518461 1317067347.497421
0.050653 -0.114631 14.667106 0.503704 -0.490014 0.486575 0.519051 1317067347.600551
0.101008 -0.118224 15.907980 0.504332 -0.489768 0.485205 0.519954 1317067347.703657
0.160597 -0.123024 17.128740 0.504760 -0.489205 0.484180 0.521023 1317067347.806744
0.218609 -0.123108 18.347462 0.504642 -0.488722 0.483271 0.522434 1317067347.909827
0.281026 -0.122609 19.572455 0.505059 -0.487864 0.482828 0.523241 1317067348.012912
0.344923 -0.125283 20.799383 0.505493 -0.487320 0.481994 0.524097 1317067348.116014
0.414548 -0.122741 22.001335 0.506166 -0.486722 0.481240 0.524696 1317067348.219123
0.487540 -0.124582 23.224955 0.506669 -0.486170 0.480468 0.525429 1317067348.322257
0.565735 -0.121706 24.437420 0.507334 -0.485379 0.479818 0.526113 1317067348.425395
0.637896 -0.121478 25.629982 0.507716 -0.484224 0.479578 0.527027 1317067348.528488
0.719802 -0.115992 26.821559 0.508256 -0.482820 0.479710 0.527673 1317067348.631571
0.805588 -0.112379 28.013384 0.509359 -0.481536 0.479706 0.527786 1317067348.734688
0.890551 -0.111474 29.186458 0.510302 -0.480804 0.479235 0.527971 1317067348.837797
0.985427 -0.107022 30.384947 0.511151 -0.480074 0.478698 0.528301 1317067348.940912
1.074603 -0.102317 31.551687 0.511626 -0.479257 0.478265 0.528974 1317067349.044035
1.172125 -0.101819 32.733112 0.512288 -0.478306 0.478026 0.529410 1317067349.147144
1.267930 -0.092088 33.903140 0.513216 -0.477477 0.477699 0.529556 1317067349.250247
1.367249 -0.092832 35.074047 0.513919 -0.476869 0.477186 0.529884 1317067349.353369
1.472125 -0.087089 36.238874 0.514534 -0.476055 0.476710 0.530446 1317067349.456498
1.566172 -0.084436 37.402708 0.515095 -0.475315 0.476201 0.531023 1317067349.559617
1.679452 -0.077757 38.555279 0.515883 -0.474343 0.475916 0.531383 1317067349.662758
1.784362 -0.071682 39.710529 0.516825 -0.473422 0.475491 0.531669 1317067349.765884
1.898400 -0.065356 40.863675 0.517611 -0.472602 0.475043 0.532033 1317067349.869006
2.010683 -0.061287 41.999000 0.518656 -0.471829 0.474524 0.532165 1317067349.972146
2.128505 -0.058069 43.143661 0.519430 -0.471208 0.473923 0.532496 1317067350.075289
2.248826 -0.056091 44.285025 0.520043 -0.470258 0.473485 0.533128 1317067350.178413
2.365554 -0.051430 45.410945 0.520489 -0.469542 0.472816 0.533916 1317067350.281537
2.490637 -0.050351 46.550436 0.521111 -0.469069 0.472015 0.534434 1317067350.384695
2.615385 -0.042868 47.678321 0.521619 -0.468469 0.471362 0.535040 1317067350.487839
2.744111 -0.040087 48.798061 0.522093 -0.467739 0.470843 0.535673 1317067350.590974
2.876566 -0.038804 49.918079 0.522498 -0.467100 0.470032 0.536548 1317067350.694121
3.002989 -0.033595 51.028900 0.523000 -0.466680 0.469125 0.537217 1317067350.797277
3.137385 -0.034339 52.128439 0.523446 -0.466347 0.468170 0.537905 1317067350.900436
3.268704 -0.030846 53.227441 0.523861 -0.466580 0.466792 0.538496 1317067351.003606
3.401345 -0.029085 54.305849 0.524434 -0.466732 0.465586 0.538851 1317067351.106764
3.541536 -0.026549 55.387405 0.524904 -0.466462 0.465007 0.539127 1317067351.209880
3.673233 -0.031444 56.446878 0.524930 -0.466607 0.464182 0.539686 1317067351.313012
3.807744 -0.032268 57.495611 0.525072 -0.466193 0.463868 0.540176 1317067351.416169
3.947161 -0.034841 58.548618 0.524738 -0.465444 0.464102 0.540944 1317067351.519326
4.085797 -0.031114 59.588853 0.524762 -0.464779 0.464237 0.541377 1317067351.622487
4.224223 -0.030491 60.631166 0.525118 -0.464870 0.463771 0.541354 1317067351.725644
4.357260 -0.032471 61.652184 0.525493 -0.464985 0.463336 0.541263 1317067351.828812
4.497449 -0.032612 62.671561 0.525516 -0.464837 0.463237 0.541452 1317067351.931973
4.630794 -0.033572 63.675145 0.525436 -0.464541 0.463246 0.541776 1317067352.035100
4.766308 -0.034599 64.657689 0.525517 -0.464131 0.463395 0.541922 1317067352.138235
4.894463 -0.035785 65.640634 0.525472 -0.463993 0.463377 0.542099 1317067352.241392
5.030977 -0.035324 66.614501 0.525555 -0.464047 0.463093 0.542215 1317067352.344543
5.158996 -0.031970 67.586756 0.525556 -0.464197 0.462904 0.542247 1317067352.447696
5.292817 -0.031612 68.549805 0.525695 -0.464160 0.462956 0.542100 1317067352.550857
5.421772 -0.033202 69.489908 0.525582 -0.464382 0.462884 0.542081 1317067352.654018
5.550578 -0.029357 70.425133 0.525638 -0.464639 0.462719 0.541946 1317067352.757176
5.672422 -0.030588 71.345067 0.525764 -0.464854 0.462676 0.541676 1317067352.860331
5.798971 -0.031191 72.258541 0.525778 -0.465431 0.462110 0.541651 1317067352.963516
5.920556 -0.035738 73.176078 0.525863 -0.465837 0.461848 0.541443 1317067353.066710
6.043872 -0.039494 74.074745 0.525516 -0.466174 0.461533 0.541758 1317067353.169873
6.162730 -0.043657 74.979706 0.524703 -0.466201 0.461583 0.542480 1317067353.273054
6.279233 -0.046236 75.868722 0.523964 -0.466071 0.461825 0.543100 1317067353.376248
6.395214 -0.050735 76.748071 0.523310 -0.465761 0.462143 0.543725 1317067353.479417
6.515760 -0.049586 77.615348 0.522666 -0.465986 0.462045 0.544235 1317067353.582596
6.632676 -0.047731 78.490841 0.522078 -0.466456 0.461743 0.544652 1317067353.685789
6.743540 -0.045905 79.345082 0.521528 -0.466787 0.461442 0.545151 1317067353.788963
6.859408 -0.041720 80.195636 0.521031 -0.466479 0.461821 0.545568 1317067353.892144
6.973074 -0.034059 81.042220 0.520391 -0.466064 0.462388 0.546054 1317067353.995343
7.083153 -0.029045 81.865704 0.520163 -0.465711 0.462801 0.546222 1317067354.098526
7.197383 -0.024339 82.685002 0.520104 -0.465712 0.463008 0.546102 1317067354.201700
7.305709 -0.015887 83.490824 0.520384 -0.465581 0.463268 0.545727 1317067354.304859
7.415183 -0.012378 84.287431 0.520913 -0.465374 0.463627 0.545094 1317067354.408025
7.521462 -0.009896 85.069524 0.520936 -0.465732 0.463564 0.544819 1317067354.511241
7.621224 -0.003932 85.842990 0.521248 -0.465984 0.463516 0.544346 1317067354.614445
7.724582 -0.000267 86.607817 0.521299 -0.466160 0.463651 0.544031 1317067354.717647
7.825292 0.001237 87.353150 0.521406 -0.466045 0.463968 0.543757 1317067354.820853
7.918549 0.002195 88.090975 0.521163 -0.465934 0.464246 0.543848 1317067354.924056
8.015700 0.008810 88.826188 0.521227 -0.465734 0.464706 0.543564 1317067355.027262
8.110773 0.010203 89.536800 0.521402 -0.465693 0.464867 0.543294 1317067355.130463
8.199275 0.011228 90.239647 0.521455 -0.465814 0.464772 0.543222 1317067355.233678
8.288990 0.017326 90.936067 0.521491 -0.465843 0.464598 0.543311 1317067355.336886
8.377472 0.019594 91.617384 0.521718 -0.465211 0.464878 0.543394 1317067355.440092
8.470370 0.026404 92.291293 0.521717 -0.464526 0.465149 0.543750 1317067355.543305
8.565541 0.028325 92.961723 0.521883 -0.463914 0.465307 0.543977 1317067355.646499
8.650262 0.032796 93.625407 0.521958 -0.463467 0.465269 0.544318 1317067355.749804
8.733103 0.038225 94.259467 0.522085 -0.463123 0.465201 0.544548 1317067355.853023
8.824511 0.046321 94.885093 0.522501 -0.462509 0.465349 0.544544 1317067355.956132
8.911340 0.047331 95.504387 0.523098 -0.461799 0.465582 0.544375 1317067356.059324
8.991904 0.055029 96.101204 0.523330 -0.461265 0.465735 0.544473 1317067356.162531
9.075939 0.056098 96.696290 0.523434 -0.460784 0.465904 0.544636 1317067356.265754
9.153049 0.062464 97.264004 0.523475 -0.460827 0.465731 0.544709 1317067356.368931
9.228071 0.068372 97.823458 0.523703 -0.460870 0.465735 0.544449 1317067356.472096
9.308458 0.078787 98.355143 0.524374 -0.460136 0.466371 0.543880 1317067356.575277
9.392548 0.085780 98.886952 0.525527 -0.458551 0.468031 0.542679 1317067356.678471
9.463907 0.080728 99.396160 0.525853 -0.458200 0.468582 0.542183 1317067356.781641
9.521177 0.079228 99.877315 0.525406 -0.459024 0.467712 0.542670 1317067356.884828
9.584500 0.083620 100.361359 0.524577 -0.460490 0.466409 0.543351 1317067356.988034
