0.018856 -0.044740 0.901705 0.494664 -0.500944 0.498556 0.505772 1317067346.277073
0.033971 -0.022093 2.122389 0.493514 -0.501656 0.497081 0.507638 1317067346.380190
0.080986 0.000965 3.286422 0.492270 -0.501923 0.496569 0.509081 1317067346.483196
0.103329 0.018758 4.475587 0.491756 -0.502319 0.495409 0.510315 1317067346.586332
0.156035 0.041109 5.602597 0.491768 -0.503347 0.494350 0.510318 1317067346.689335
0.216137 0.059285 6.772847 0.491799 -0.504302 0.493394 0.510270 1317067346.792465
0.243903 0.067012 7.933168 0.491191 -0.504161 0.492327 0.512022 1317067346.897930
0.278148 0.092525 9.093581 0.490472 -0.503637 0.491460 0.514056 1317067347.000901
0.321062 0.085824 10.229432 0.490080 -0.502749 0.491221 0.515526 1317067347.101779
0.343886 0.090548 11.328680 0.490930 -0.502408 0.490300 0.515927 1317067347.204752
0.367367 0.087099 12.428735 0.492339 -0.501728 0.489394 0.516106 1317067347.307882
0.381628 0.079841 13.540537 0.493258 -0.500920 0.488333 0.517017 1317067347.411017
0.409994 0.074831 14.632342 0.493612 -0.500516 0.487297 0.518047 1317067347.514025
0.436453 0.071436 15.682060 0.494281 -0.500141 0.486354 0.518658 1317067347.619844
0.482642 0.072482 16.763427 0.494725 -0.500343 0.485222 0.519098 1317067347.720285
0.517857 0.072185 17.862915 0.495025 -0.499984 0.484406 0.519921 1317067347.823418
0.564543 0.085700 18.911146 0.494635 -0.500177 0.483521 0.520928 1317067347.926415
0.604155 0.093266 20.011171 0.494658 -0.499827 0.482781 0.521928 1317067348.029547
0.634236 0.099996 21.070163 0.494674 -0.499902 0.481609 0.522924 1317067348.132678
0.666189 0.098425 22.120284 0.494985 -0.499516 0.480790 0.523751 1317067348.235819
0.703962 0.111366 23.179039 0.495204 -0.499662 0.479581 0.524512 1317067348.338952
0.757455 0.130167 24.246121 0.495314 -0.499557 0.478707 0.525306 1317067348.442099
0.807998 0.147657 25.336693 0.495185 -0.499143 0.477951 0.526508 1317067348.545085
0.872972 0.178676 26.368684 0.495161 -0.498698 0.477730 0.527152 1317067348.648213
0.934005 0.201816 27.414328 0.495618 -0.498330 0.477353 0.527413 1317067348.751338
1.006925 0.233121 28.454107 0.496147 -0.498668 0.476531 0.527339 1317067348.854480
1.083474 0.245951 29.528583 0.496707 -0.498527 0.476010 0.527416 1317067348.957476
1.165270 0.268533 30.581358 0.496772 -0.498523 0.475629 0.527702 1317067349.060616
1.216696 0.285452 31.633661 0.497056 -0.498306 0.474848 0.528343 1317067349.163746
1.292803 0.312383 32.690354 0.497360 -0.498402 0.474104 0.528634 1317067349.266887
1.363112 0.329413 33.728970 0.497704 -0.498565 0.473385 0.528801 1317067349.370005
1.413242 0.332877 34.754571 0.498308 -0.497863 0.472903 0.529325 1317067349.473142
1.475538 0.348734 35.791443 0.498854 -0.497648 0.472253 0.529593 1317067349.576282
1.525798 0.351633 36.823585 0.499698 -0.496807 0.471730 0.530053 1317067349.679417
1.599984 0.353604 37.872804 0.500609 -0.496194 0.471336 0.530117 1317067349.783365
1.658363 0.358288 38.912601 0.501423 -0.495578 0.470770 0.530428 1317067349.887784
1.725496 0.361218 39.926767 0.502465 -0.495143 0.470258 0.530302 1317067349.988798
1.786299 0.359806 40.954603 0.503228 -0.494739 0.469514 0.530614 1317067350.091931
1.870866 0.367564 41.999384 0.503812 -0.494191 0.468976 0.531047 1317067350.195075
1.939100 0.368093 43.006456 0.504213 -0.493756 0.468159 0.531791 1317067350.298204
2.030142 0.382596 44.054104 0.504844 -0.493807 0.467136 0.532044 1317067350.401369
2.105308 0.380755 45.041838 0.505486 -0.493383 0.466566 0.532328 1317067350.504515
2.190110 0.381053 46.043855 0.505895 -0.492948 0.465972 0.532863 1317067350.607821
2.265498 0.398567 47.031785 0.506246 -0.492982 0.464756 0.533559 1317067350.710723
2.323331 0.405511 48.040415 0.506780 -0.492869 0.463345 0.534384 1317067350.813864
2.399325 0.412798 49.045214 0.507320 -0.492988 0.462055 0.534877 1317067350.919429
2.500953 0.402395 50.053507 0.507672 -0.493505 0.460759 0.535185 1317067351.020237
2.573542 0.393562 51.041053 0.508288 -0.493858 0.459434 0.535414 1317067351.124053
2.656350 0.382656 52.025696 0.509010 -0.493415 0.458984 0.535522 1317067351.226498
2.717931 0.370546 53.000548 0.508923 -0.493859 0.457724 0.536274 1317067351.329633
2.786949 0.363529 53.962714 0.509393 -0.493385 0.457357 0.536577 1317067351.432763
2.878626 0.347625 54.955371 0.509016 -0.492736 0.457498 0.537409 1317067351.536033
2.956174 0.338917 55.917871 0.508788 -0.492383 0.457102 0.538286 1317067351.639164
3.055050 0.310874 56.887427 0.508959 -0.492669 0.456596 0.538291 1317067351.744312
3.151042 0.295379 57.837135 0.509493 -0.492903 0.456115 0.537980 1317067351.846599
3.239794 0.276951 58.749610 0.509419 -0.492788 0.456130 0.538143 1317067351.950868
3.340205 0.269992 59.656613 0.509229 -0.492894 0.456070 0.538277 1317067352.053816
3.426020 0.251528 60.563238 0.509169 -0.492693 0.456212 0.538398 1317067352.154874
3.495986 0.234194 61.431888 0.509095 -0.492727 0.455930 0.538675 1317067352.258097
3.592157 0.218513 62.321734 0.509181 -0.492872 0.455759 0.538605 1317067352.361216
3.688409 0.206344 63.179549 0.508884 -0.493369 0.455609 0.538558 1317067352.464341
3.779679 0.189516 64.040807 0.509053 -0.493344 0.455798 0.538261 1317067352.567463
3.881310 0.179744 64.918195 0.508633 -0.494082 0.455541 0.538198 1317067352.670594
3.956688 0.177062 65.753360 0.508810 -0.494425 0.455341 0.537885 1317067352.774388
4.045631 0.163374 66.616129 0.508747 -0.494959 0.455083 0.537672 1317067352.879618
4.126211 0.154662 67.444487 0.508703 -0.495835 0.454458 0.537435 1317067352.980946
4.211632 0.146466 68.281566 0.508634 -0.496674 0.453956 0.537150 1317067353.083433
4.282061 0.149236 69.085117 0.508421 -0.497335 0.453444 0.537173 1317067353.188779
4.355122 0.140997 69.903095 0.507475 -0.497621 0.453318 0.537908 1317067353.289775
4.441344 0.146235 70.737103 0.506735 -0.497927 0.453240 0.538389 1317067353.392897
4.519026 0.164765 71.557051 0.505763 -0.498405 0.452819 0.539214 1317067353.496030
4.596646 0.166787 72.366521 0.504837 -0.499173 0.452312 0.539795 1317067353.599294
4.664619 0.157756 73.153518 0.504304 -0.499813 0.451829 0.540106 1317067353.702419
4.739091 0.154150 73.944416 0.503745 -0.500482 0.451498 0.540285 1317067353.805663
4.822530 0.170426 74.747748 0.503302 -0.500622 0.451463 0.540599 1317067353.908800
4.885486 0.182669 75.525153 0.502480 -0.500713 0.451319 0.541398 1317067354.011927
4.952829 0.194838 76.259948 0.502203 -0.500882 0.451479 0.541365 1317067354.115190
5.025870 0.213018 76.986039 0.501855 -0.501667 0.451139 0.541245 1317067354.218330
5.111515 0.231206 77.697142 0.502011 -0.502138 0.451237 0.540580 1317067354.321447
5.179778 0.275579 78.404164 0.502459 -0.502860 0.450955 0.539728 1317067354.424719
5.254665 0.276727 79.123473 0.502483 -0.503722 0.450571 0.539223 1317067354.527845
5.320433 0.303585 79.854233 0.502848 -0.504568 0.449972 0.538591 1317067354.631096
5.382917 0.307677 80.551752 0.503158 -0.505006 0.449972 0.537890 1317067354.734239
5.430582 0.313952 81.228328 0.503209 -0.505327 0.449811 0.537676 1317067354.837493
5.488891 0.329911 81.889984 0.503121 -0.505739 0.449650 0.537505 1317067354.940742
5.549269 0.339145 82.563841 0.503024 -0.506095 0.449662 0.537251 1317067355.043874
5.589548 0.334907 83.201553 0.503262 -0.506399 0.449441 0.536927 1317067355.147130
5.636026 0.328315 83.851407 0.503266 -0.506836 0.449022 0.536861 1317067355.250400
5.689689 0.331703 84.491219 0.503376 -0.507188 0.448674 0.536716 1317067355.353518
5.750530 0.329775 85.113667 0.503891 -0.506815 0.448979 0.536330 1317067355.456791
5.804989 0.340301 85.744450 0.503778 -0.506751 0.448678 0.536748 1317067355.559905
5.854110 0.330531 86.349786 0.504119 -0.506282 0.448687 0.536863 1317067355.663174
5.899243 0.339209 86.950729 0.504243 -0.506405 0.448065 0.537150 1317067355.766311
5.948239 0.341712 87.515329 0.504360 -0.506486 0.447768 0.537212 1317067355.869563
6.006156 0.345336 88.111513 0.504826 -0.506301 0.447609 0.537082 1317067355.972809
6.062964 0.339475 88.679258 0.505463 -0.505985 0.447608 0.536781 1317067356.075957
6.111311 0.336965 89.238895 0.505705 -0.505770 0.447521 0.536828 1317067356.179196
6.158195 0.311750 89.798039 0.505787 -0.505325 0.447637 0.537073 1317067356.282383
6.192354 0.295559 90.315241 0.505831 -0.505559 0.447231 0.537149 1317067356.385600
6.232572 0.281538 90.826888 0.506073 -0.505753 0.447148 0.536808 1317067356.488730
6.289992 0.264767 91.329924 0.506950 -0.504895 0.448248 0.535870 1317067356.592004
6.340671 0.249903 91.831393 0.507943 -0.503530 0.449815 0.534900 1317067356.695115
6.368612 0.230763 92.290389 0.508272 -0.503489 0.449861 0.534588 1317067356.800632
6.404833 0.207632 92.748400 0.507490 -0.504584 0.448791 0.535197 1317067356.901767
